3 1 0 None set()
3 3 1 (3, 3) {(3, 1)}
2 1 1 None {(3, 1), (3, 3)}
3 4 2 (3, 3) {(3, 1), (3, 3), (2, 1)}
2 3 2 (3, 3) {(3, 1), (3, 3), (2, 1), (3, 4)}
2 3 2 (2, 3) {(2, 1), (3, 4), (3, 1), (2, 3), (3, 3)}
3 1 2 None {(2, 1), (3, 4), (3, 1), (2, 3), (3, 3)}
1 1 2 None {(2, 1), (3, 4), (3, 1), (2, 3), (3, 3)}
3 5 3 (3, 3) {(2, 1), (3, 4), (3, 1), (1, 1), (2, 3), (3, 3)}
3 3 3 (3, 3) {(2, 1), (3, 4), (3, 1), (1, 1), (2, 3), (3, 3), (3, 5)}
3 3 3 (3, 3) {(2, 1), (3, 4), (3, 1), (1, 1), (2, 3), (3, 3), (3, 5)}
1 3 3 (3, 3) {(2, 1), (3, 4), (3, 1), (1, 1), (2, 3), (3, 3), (3, 5)}
1 2 3 None {(2, 1), (3, 4), (3, 1), (1, 1), (2, 3), (3, 3), (1, 3), (3, 5)}
2 1 3 None {(1, 2), (2, 1), (3, 4), (3, 1), (1, 1), (2, 3), (3, 3), (1, 3), (3, 5)}
3 4 4 (3, 3) {(1, 2), (2, 1), (3, 4), (3, 1), (1, 1), (2, 3), (3, 3), (1, 3), (3, 5)}
2 5 4 (3, 3) {(1, 2), (2, 1), (3, 4), (3, 1), (1, 1), (2, 3), (3, 3), (1, 3), (3, 5)}
1 2 4 (3, 3) {(1, 2), (2, 1), (3, 4), (3, 1), (1, 1), (2, 3), (3, 3), (2, 5), (1, 3), (3, 5)}
2 3 4 (3, 3) {(1, 2), (2, 1), (3, 4), (3, 1), (1, 1), (2, 3), (3, 3), (2, 5), (1, 3), (3, 5)}
1 3 4 None {(1, 2), (2, 1), (3, 4), (3, 1), (1, 1), (2, 3), (3, 3), (2, 5), (1, 3), (3, 5)}
1 1 4 None {(1, 2), (2, 1), (3, 4), (3, 1), (1, 1), (2, 3), (3, 3), (2, 5), (1, 3), (3, 5)}
3 5 5 (3, 3) {(1, 2), (2, 1), (3, 4), (3, 1), (1, 1), (2, 3), (3, 3), (2, 5), (1, 3), (3, 5)}
1 5 5 (3, 3) {(1, 2), (2, 1), (3, 4), (3, 1), (1, 1), (2, 3), (3, 3), (2, 5), (1, 3), (3, 5)}
1 6 6 (3, 3) {(1, 2), (2, 1), (3, 4), (1, 5), (3, 1), (1, 1), (2, 3), (3, 3), (2, 5), (1, 3), (3, 5)}
2 5 6 (3, 3) {(1, 2), (2, 1), (3, 4), (1, 5), (3, 1), (1, 1), (2, 3), (3, 3), (1, 6), (2, 5), (1, 3), (3, 5)}
1 7 7 (3, 3) {(1, 2), (2, 1), (3, 4), (1, 5), (3, 1), (1, 1), (2, 3), (3, 3), (1, 6), (2, 5), (1, 3), (3, 5)}
1 5 7 (3, 3) {(1, 2), (2, 1), (3, 4), (1, 5), (3, 1), (1, 1), (2, 3), (1, 7), (3, 3), (1, 6), (2, 5), (1, 3), (3, 5)}
1 6 8 (3, 3) {(1, 2), (2, 1), (3, 4), (1, 5), (3, 1), (1, 1), (2, 3), (1, 7), (3, 3), (1, 6), (2, 5), (1, 3), (3, 5)}
2 7 8 (3, 3) {(1, 2), (2, 1), (3, 4), (1, 5), (3, 1), (1, 1), (2, 3), (1, 7), (3, 3), (1, 6), (2, 5), (1, 3), (3, 5)}
3 7 9 (3, 3) {(1, 2), (2, 1), (3, 4), (1, 5), (3, 1), (2, 7), (1, 1), (2, 3), (1, 7), (3, 3), (1, 6), (2, 5), (1, 3), (3, 5)}
1 7 9 (3, 3) {(1, 2), (2, 1), (3, 4), (1, 5), (3, 1), (2, 7), (1, 1), (3, 7), (2, 3), (1, 7), (3, 3), (1, 6), (2, 5), (1, 3), (3, 5)}
4 7 10 (3, 3) {(1, 2), (2, 1), (3, 4), (1, 5), (3, 1), (2, 7), (1, 1), (3, 7), (2, 3), (1, 7), (3, 3), (1, 6), (2, 5), (1, 3), (3, 5)}
2 7 10 (3, 3) {(1, 2), (2, 1), (3, 4), (1, 5), (3, 1), (2, 7), (1, 1), (3, 7), (2, 3), (1, 7), (3, 3), (1, 6), (2, 5), (1, 3), (4, 7), (3, 5)}
5 7 11 (3, 3) {(1, 2), (2, 1), (3, 4), (1, 5), (3, 1), (2, 7), (1, 1), (3, 7), (2, 3), (1, 7), (3, 3), (1, 6), (2, 5), (1, 3), (4, 7), (3, 5)}
3 7 11 (3, 3) {(1, 2), (2, 1), (3, 4), (1, 5), (3, 1), (2, 7), (1, 1), (3, 7), (5, 7), (2, 3), (1, 7), (3, 3), (1, 6), (2, 5), (1, 3), (4, 7), (3, 5)}
6 7 12 (3, 3) {(1, 2), (2, 1), (3, 4), (1, 5), (3, 1), (2, 7), (1, 1), (3, 7), (5, 7), (2, 3), (1, 7), (3, 3), (1, 6), (2, 5), (1, 3), (4, 7), (3, 5)}
4 7 12 (3, 3) {(1, 2), (2, 1), (3, 4), (1, 5), (3, 1), (2, 7), (1, 1), (3, 7), (5, 7), (2, 3), (6, 7), (1, 7), (3, 3), (1, 6), (2, 5), (1, 3), (4, 7), (3, 5)}
7 7 13 (3, 3) {(1, 2), (2, 1), (3, 4), (1, 5), (3, 1), (2, 7), (1, 1), (3, 7), (5, 7), (2, 3), (6, 7), (1, 7), (3, 3), (1, 6), (2, 5), (1, 3), (4, 7), (3, 5)}
5 7 13 (3, 3) {(3, 4), (3, 1), (3, 7), (5, 7), (1, 6), (2, 5), (1, 3), (7, 7), (3, 3), (1, 2), (2, 1), (2, 7), (1, 5), (6, 7), (4, 7), (3, 5), (1, 1), (2, 3), (1, 7)}
7 8 14 (3, 3) {(3, 4), (3, 1), (3, 7), (5, 7), (1, 6), (2, 5), (1, 3), (7, 7), (3, 3), (1, 2), (2, 1), (2, 7), (1, 5), (6, 7), (4, 7), (3, 5), (1, 1), (2, 3), (1, 7)}
6 7 14 (3, 3) {(3, 4), (3, 1), (3, 7), (5, 7), (1, 6), (2, 5), (1, 3), (7, 7), (3, 3), (1, 2), (2, 1), (2, 7), (1, 5), (6, 7), (4, 7), (3, 5), (1, 1), (2, 3), (1, 7), (7, 8)}
7 9 15 (3, 3) {(3, 4), (3, 1), (3, 7), (5, 7), (1, 6), (2, 5), (1, 3), (7, 7), (3, 3), (1, 2), (2, 1), (2, 7), (1, 5), (6, 7), (4, 7), (3, 5), (1, 1), (2, 3), (1, 7), (7, 8)}
7 7 15 (3, 3) {(3, 4), (3, 1), (3, 7), (5, 7), (1, 6), (2, 5), (1, 3), (7, 7), (3, 3), (1, 2), (2, 1), (2, 7), (1, 5), (7, 9), (6, 7), (4, 7), (3, 5), (1, 1), (2, 3), (1, 7), (7, 8)}
7 8 16 (3, 3) {(3, 4), (3, 1), (3, 7), (5, 7), (1, 6), (2, 5), (1, 3), (7, 7), (3, 3), (1, 2), (2, 1), (2, 7), (1, 5), (7, 9), (6, 7), (4, 7), (3, 5), (1, 1), (2, 3), (1, 7), (7, 8)}
6 9 16 (3, 3) {(3, 4), (3, 1), (3, 7), (5, 7), (1, 6), (2, 5), (1, 3), (7, 7), (3, 3), (1, 2), (2, 1), (2, 7), (1, 5), (7, 9), (6, 7), (4, 7), (3, 5), (1, 1), (2, 3), (1, 7), (7, 8)}
7 9 17 (3, 3) {(3, 4), (3, 1), (3, 7), (5, 7), (1, 6), (2, 5), (1, 3), (7, 7), (3, 3), (1, 2), (2, 1), (2, 7), (1, 5), (7, 9), (6, 7), (4, 7), (3, 5), (1, 1), (2, 3), (1, 7), (6, 9), (7, 8)}
5 9 17 (3, 3) {(3, 4), (3, 1), (3, 7), (5, 7), (1, 6), (2, 5), (1, 3), (7, 7), (3, 3), (1, 2), (2, 1), (2, 7), (1, 5), (7, 9), (6, 7), (4, 7), (3, 5), (1, 1), (2, 3), (1, 7), (6, 9), (7, 8)}
6 9 18 (3, 3) {(3, 4), (3, 1), (3, 7), (5, 7), (1, 6), (2, 5), (1, 3), (7, 7), (3, 3), (5, 9), (1, 2), (2, 1), (2, 7), (1, 5), (7, 9), (6, 7), (4, 7), (3, 5), (1, 1), (2, 3), (1, 7), (6, 9), (7, 8)}
4 9 18 (3, 3) {(3, 4), (3, 1), (3, 7), (5, 7), (1, 6), (2, 5), (1, 3), (7, 7), (3, 3), (5, 9), (1, 2), (2, 1), (2, 7), (1, 5), (7, 9), (6, 7), (4, 7), (3, 5), (1, 1), (2, 3), (1, 7), (6, 9), (7, 8)}
5 9 19 (3, 3) {(3, 4), (3, 1), (3, 7), (4, 9), (5, 7), (1, 6), (2, 5), (1, 3), (7, 7), (3, 3), (5, 9), (1, 2), (2, 1), (2, 7), (1, 5), (7, 9), (6, 7), (4, 7), (3, 5), (1, 1), (2, 3), (1, 7), (6, 9), (7, 8)}
3 9 19 (3, 3) {(3, 4), (3, 1), (3, 7), (4, 9), (5, 7), (1, 6), (2, 5), (1, 3), (7, 7), (3, 3), (5, 9), (1, 2), (2, 1), (2, 7), (1, 5), (7, 9), (6, 7), (4, 7), (3, 5), (1, 1), (2, 3), (1, 7), (6, 9), (7, 8)}
4 9 20 (3, 3) {(3, 4), (3, 1), (3, 7), (4, 9), (5, 7), (1, 6), (2, 5), (1, 3), (7, 7), (3, 3), (3, 9), (5, 9), (1, 2), (2, 1), (2, 7), (1, 5), (7, 9), (6, 7), (4, 7), (3, 5), (1, 1), (2, 3), (1, 7), (6, 9), (7, 8)}
2 9 20 (3, 3) {(3, 4), (3, 1), (3, 7), (4, 9), (5, 7), (1, 6), (2, 5), (1, 3), (7, 7), (3, 3), (3, 9), (5, 9), (1, 2), (2, 1), (2, 7), (1, 5), (7, 9), (6, 7), (4, 7), (3, 5), (1, 1), (2, 3), (1, 7), (6, 9), (7, 8)}
3 9 21 (3, 3) {(3, 4), (3, 1), (3, 7), (4, 9), (5, 7), (1, 6), (2, 5), (1, 3), (7, 7), (3, 3), (3, 9), (5, 9), (1, 2), (2, 1), (2, 7), (1, 5), (7, 9), (6, 7), (4, 7), (3, 5), (1, 1), (2, 3), (2, 9), (1, 7), (6, 9), (7, 8)}
1 9 21 (3, 3) {(3, 4), (3, 1), (3, 7), (4, 9), (5, 7), (1, 6), (2, 5), (1, 3), (7, 7), (3, 3), (3, 9), (5, 9), (1, 2), (2, 1), (2, 7), (1, 5), (7, 9), (6, 7), (4, 7), (3, 5), (1, 1), (2, 3), (2, 9), (1, 7), (6, 9), (7, 8)}
1 10 22 (3, 3) {(3, 4), (3, 1), (3, 7), (4, 9), (5, 7), (1, 6), (2, 5), (1, 3), (1, 9), (7, 7), (3, 3), (3, 9), (5, 9), (1, 2), (2, 1), (2, 7), (1, 5), (7, 9), (6, 7), (4, 7), (3, 5), (1, 1), (2, 3), (2, 9), (1, 7), (6, 9), (7, 8)}
2 9 22 (3, 3) {(3, 4), (3, 1), (3, 7), (4, 9), (5, 7), (1, 6), (2, 5), (1, 3), (1, 9), (7, 7), (3, 3), (3, 9), (5, 9), (1, 2), (2, 1), (2, 7), (1, 5), (7, 9), (6, 7), (4, 7), (3, 5), (1, 1), (2, 3), (2, 9), (1, 7), (1, 10), (6, 9), (7, 8)}
1 11 23 (3, 3) {(3, 4), (3, 1), (3, 7), (4, 9), (5, 7), (1, 6), (2, 5), (1, 3), (1, 9), (7, 7), (3, 3), (3, 9), (5, 9), (1, 2), (2, 1), (2, 7), (1, 5), (7, 9), (6, 7), (4, 7), (3, 5), (1, 1), (2, 3), (2, 9), (1, 7), (1, 10), (6, 9), (7, 8)}
1 9 23 (3, 3) {(3, 4), (3, 1), (3, 7), (4, 9), (5, 7), (1, 6), (2, 5), (1, 3), (1, 9), (7, 7), (3, 3), (3, 9), (5, 9), (1, 2), (2, 1), (2, 7), (1, 5), (1, 11), (7, 9), (6, 7), (4, 7), (3, 5), (1, 1), (2, 3), (2, 9), (1, 7), (1, 10), (6, 9), (7, 8)}
1 12 24 (3, 3) {(3, 4), (3, 1), (3, 7), (4, 9), (5, 7), (1, 6), (2, 5), (1, 3), (1, 9), (7, 7), (3, 3), (3, 9), (5, 9), (1, 2), (2, 1), (2, 7), (1, 5), (1, 11), (7, 9), (6, 7), (4, 7), (3, 5), (1, 1), (2, 3), (2, 9), (1, 7), (1, 10), (6, 9), (7, 8)}
1 10 24 (3, 3) {(3, 4), (3, 1), (3, 7), (4, 9), (5, 7), (1, 6), (2, 5), (1, 3), (1, 9), (1, 12), (7, 7), (3, 3), (3, 9), (5, 9), (1, 2), (2, 1), (2, 7), (1, 5), (1, 11), (7, 9), (6, 7), (4, 7), (3, 5), (1, 1), (2, 3), (2, 9), (1, 7), (1, 10), (6, 9), (7, 8)}
1 13 25 (3, 3) {(3, 4), (3, 1), (3, 7), (4, 9), (5, 7), (1, 6), (2, 5), (1, 3), (1, 9), (1, 12), (7, 7), (3, 3), (3, 9), (5, 9), (1, 2), (2, 1), (2, 7), (1, 5), (1, 11), (7, 9), (6, 7), (4, 7), (3, 5), (1, 1), (2, 3), (2, 9), (1, 7), (1, 10), (6, 9), (7, 8)}
1 11 25 (3, 3) {(3, 4), (3, 1), (3, 7), (4, 9), (5, 7), (1, 6), (2, 5), (1, 3), (1, 9), (1, 12), (7, 7), (3, 3), (3, 9), (5, 9), (1, 2), (2, 1), (2, 7), (1, 5), (1, 11), (7, 9), (6, 7), (4, 7), (3, 5), (1, 1), (2, 3), (2, 9), (1, 7), (1, 13), (1, 10), (6, 9), (7, 8)}
1 12 26 (3, 3) {(3, 4), (3, 1), (3, 7), (4, 9), (5, 7), (1, 6), (2, 5), (1, 3), (1, 9), (1, 12), (7, 7), (3, 3), (3, 9), (5, 9), (1, 2), (2, 1), (2, 7), (1, 5), (1, 11), (7, 9), (6, 7), (4, 7), (3, 5), (1, 1), (2, 3), (2, 9), (1, 7), (1, 13), (1, 10), (6, 9), (7, 8)}
2 13 26 (3, 3) {(3, 4), (3, 1), (3, 7), (4, 9), (5, 7), (1, 6), (2, 5), (1, 3), (1, 9), (1, 12), (7, 7), (3, 3), (3, 9), (5, 9), (1, 2), (2, 1), (2, 7), (1, 5), (1, 11), (7, 9), (6, 7), (4, 7), (3, 5), (1, 1), (2, 3), (2, 9), (1, 7), (1, 13), (1, 10), (6, 9), (7, 8)}
3 13 27 (3, 3) {(3, 4), (3, 1), (3, 7), (4, 9), (5, 7), (1, 6), (2, 5), (1, 3), (1, 9), (1, 12), (7, 7), (3, 3), (3, 9), (5, 9), (1, 2), (2, 1), (2, 7), (1, 5), (1, 11), (2, 13), (7, 9), (6, 7), (4, 7), (3, 5), (1, 1), (2, 3), (2, 9), (1, 7), (1, 13), (1, 10), (6, 9), (7, 8)}
1 13 27 (3, 3) {(3, 4), (3, 1), (3, 7), (4, 9), (5, 7), (3, 13), (1, 6), (2, 5), (1, 3), (1, 9), (1, 12), (7, 7), (3, 3), (3, 9), (5, 9), (1, 2), (2, 1), (2, 7), (1, 5), (1, 11), (2, 13), (7, 9), (6, 7), (4, 7), (3, 5), (1, 1), (2, 3), (2, 9), (1, 7), (1, 13), (1, 10), (6, 9), (7, 8)}
3 12 28 (3, 3) {(3, 4), (3, 1), (3, 7), (4, 9), (5, 7), (3, 13), (1, 6), (2, 5), (1, 3), (1, 9), (1, 12), (7, 7), (3, 3), (3, 9), (5, 9), (1, 2), (2, 1), (2, 7), (1, 5), (1, 11), (2, 13), (7, 9), (6, 7), (4, 7), (3, 5), (1, 1), (2, 3), (2, 9), (1, 7), (1, 13), (1, 10), (6, 9), (7, 8)}
2 13 28 (3, 3) {(3, 4), (3, 1), (3, 7), (4, 9), (5, 7), (3, 13), (1, 6), (2, 5), (1, 3), (1, 9), (1, 12), (7, 7), (3, 3), (3, 9), (3, 12), (5, 9), (1, 2), (2, 1), (2, 7), (1, 5), (1, 11), (2, 13), (7, 9), (6, 7), (4, 7), (3, 5), (1, 1), (2, 3), (2, 9), (1, 7), (1, 13), (1, 10), (6, 9), (7, 8)}
3 13 29 (3, 3) {(3, 4), (3, 1), (3, 7), (4, 9), (5, 7), (3, 13), (1, 6), (2, 5), (1, 3), (1, 9), (1, 12), (7, 7), (3, 3), (3, 9), (3, 12), (5, 9), (1, 2), (2, 1), (2, 7), (1, 5), (1, 11), (2, 13), (7, 9), (6, 7), (4, 7), (3, 5), (1, 1), (2, 3), (2, 9), (1, 7), (1, 13), (1, 10), (6, 9), (7, 8)}
3 11 29 (3, 3) {(3, 4), (3, 1), (3, 7), (4, 9), (5, 7), (3, 13), (1, 6), (2, 5), (1, 3), (1, 9), (1, 12), (7, 7), (3, 3), (3, 9), (3, 12), (5, 9), (1, 2), (2, 1), (2, 7), (1, 5), (1, 11), (2, 13), (7, 9), (6, 7), (4, 7), (3, 5), (1, 1), (2, 3), (2, 9), (1, 7), (1, 13), (1, 10), (6, 9), (7, 8)}
3 12 30 (3, 3) {(3, 4), (3, 1), (3, 7), (4, 9), (5, 7), (3, 13), (1, 6), (2, 5), (1, 3), (1, 9), (1, 12), (7, 7), (3, 3), (3, 9), (3, 12), (5, 9), (1, 2), (2, 1), (2, 7), (1, 5), (1, 11), (2, 13), (7, 9), (6, 7), (4, 7), (3, 5), (3, 11), (1, 1), (2, 3), (2, 9), (1, 7), (1, 13), (1, 10), (6, 9), (7, 8)}
4 11 30 (3, 3) {(3, 4), (3, 1), (3, 7), (4, 9), (5, 7), (3, 13), (1, 6), (2, 5), (1, 3), (1, 9), (1, 12), (7, 7), (3, 3), (3, 9), (3, 12), (5, 9), (1, 2), (2, 1), (2, 7), (1, 5), (1, 11), (2, 13), (7, 9), (6, 7), (4, 7), (3, 5), (3, 11), (1, 1), (2, 3), (2, 9), (1, 7), (1, 13), (1, 10), (6, 9), (7, 8)}
5 11 31 (3, 3) {(3, 4), (3, 1), (3, 7), (4, 9), (5, 7), (3, 13), (1, 6), (2, 5), (1, 3), (1, 9), (1, 12), (7, 7), (3, 3), (3, 9), (3, 12), (5, 9), (4, 11), (1, 2), (2, 1), (2, 7), (1, 5), (1, 11), (2, 13), (7, 9), (6, 7), (4, 7), (3, 5), (3, 11), (1, 1), (2, 3), (2, 9), (1, 7), (1, 13), (1, 10), (6, 9), (7, 8)}
3 11 31 (3, 3) {(3, 4), (3, 1), (3, 7), (4, 9), (5, 7), (3, 13), (1, 6), (2, 5), (1, 3), (1, 9), (1, 12), (7, 7), (3, 3), (3, 9), (3, 12), (5, 9), (4, 11), (1, 2), (2, 1), (2, 7), (1, 5), (1, 11), (2, 13), (7, 9), (6, 7), (4, 7), (3, 5), (3, 11), (5, 11), (1, 1), (2, 3), (2, 9), (1, 7), (1, 13), (1, 10), (6, 9), (7, 8)}
5 12 32 (3, 3) {(3, 4), (3, 1), (3, 7), (4, 9), (5, 7), (3, 13), (1, 6), (2, 5), (1, 3), (1, 9), (1, 12), (7, 7), (3, 3), (3, 9), (3, 12), (5, 9), (4, 11), (1, 2), (2, 1), (2, 7), (1, 5), (1, 11), (2, 13), (7, 9), (6, 7), (4, 7), (3, 5), (3, 11), (5, 11), (1, 1), (2, 3), (2, 9), (1, 7), (1, 13), (1, 10), (6, 9), (7, 8)}
4 11 32 (3, 3) {(3, 4), (3, 1), (3, 7), (4, 9), (5, 7), (3, 13), (1, 6), (2, 5), (1, 3), (1, 9), (1, 12), (7, 7), (3, 3), (3, 9), (3, 12), (5, 9), (4, 11), (5, 12), (1, 2), (2, 1), (2, 7), (1, 5), (1, 11), (2, 13), (7, 9), (6, 7), (4, 7), (3, 5), (3, 11), (5, 11), (1, 1), (2, 3), (2, 9), (1, 7), (1, 13), (1, 10), (6, 9), (7, 8)}
5 13 33 (3, 3) {(3, 4), (3, 1), (3, 7), (4, 9), (5, 7), (3, 13), (1, 6), (2, 5), (1, 3), (1, 9), (1, 12), (7, 7), (3, 3), (3, 9), (3, 12), (5, 9), (4, 11), (5, 12), (1, 2), (2, 1), (2, 7), (1, 5), (1, 11), (2, 13), (7, 9), (6, 7), (4, 7), (3, 5), (3, 11), (5, 11), (1, 1), (2, 3), (2, 9), (1, 7), (1, 13), (1, 10), (6, 9), (7, 8)}
5 11 33 (3, 3) {(3, 4), (3, 1), (3, 7), (4, 9), (5, 7), (5, 13), (3, 13), (1, 6), (2, 5), (1, 3), (1, 9), (1, 12), (7, 7), (3, 3), (3, 9), (3, 12), (5, 9), (4, 11), (5, 12), (1, 2), (2, 1), (2, 7), (1, 5), (1, 11), (2, 13), (7, 9), (6, 7), (4, 7), (3, 5), (3, 11), (5, 11), (1, 1), (2, 3), (2, 9), (1, 7), (1, 13), (1, 10), (6, 9), (7, 8)}
5 12 34 (3, 3) {(3, 4), (3, 1), (3, 7), (4, 9), (5, 7), (5, 13), (3, 13), (1, 6), (2, 5), (1, 3), (1, 9), (1, 12), (7, 7), (3, 3), (3, 9), (3, 12), (5, 9), (4, 11), (5, 12), (1, 2), (2, 1), (2, 7), (1, 5), (1, 11), (2, 13), (7, 9), (6, 7), (4, 7), (3, 5), (3, 11), (5, 11), (1, 1), (2, 3), (2, 9), (1, 7), (1, 13), (1, 10), (6, 9), (7, 8)}
6 13 34 (3, 3) {(3, 4), (3, 1), (3, 7), (4, 9), (5, 7), (5, 13), (3, 13), (1, 6), (2, 5), (1, 3), (1, 9), (1, 12), (7, 7), (3, 3), (3, 9), (3, 12), (5, 9), (4, 11), (5, 12), (1, 2), (2, 1), (2, 7), (1, 5), (1, 11), (2, 13), (7, 9), (6, 7), (4, 7), (3, 5), (3, 11), (5, 11), (1, 1), (2, 3), (2, 9), (1, 7), (1, 13), (1, 10), (6, 9), (7, 8)}
7 13 35 (3, 3) {(3, 4), (3, 1), (3, 7), (4, 9), (5, 7), (5, 13), (3, 13), (1, 6), (2, 5), (1, 3), (1, 9), (1, 12), (7, 7), (3, 3), (3, 9), (3, 12), (5, 9), (4, 11), (5, 12), (1, 2), (2, 1), (2, 7), (1, 5), (1, 11), (2, 13), (7, 9), (6, 7), (6, 13), (4, 7), (3, 5), (3, 11), (5, 11), (1, 1), (2, 3), (2, 9), (1, 7), (1, 13), (1, 10), (6, 9), (7, 8)}
5 13 35 (3, 3) {(3, 4), (3, 1), (3, 7), (4, 9), (5, 7), (5, 13), (3, 13), (1, 6), (2, 5), (1, 3), (1, 9), (1, 12), (7, 7), (7, 13), (3, 3), (3, 9), (3, 12), (5, 9), (4, 11), (5, 12), (1, 2), (2, 1), (2, 7), (1, 5), (1, 11), (2, 13), (7, 9), (6, 7), (6, 13), (4, 7), (3, 5), (3, 11), (5, 11), (1, 1), (2, 3), (2, 9), (1, 7), (1, 13), (1, 10), (6, 9), (7, 8)}
7 12 36 (3, 3) {(3, 4), (3, 1), (3, 7), (4, 9), (5, 7), (5, 13), (3, 13), (1, 6), (2, 5), (1, 3), (1, 9), (1, 12), (7, 7), (7, 13), (3, 3), (3, 9), (3, 12), (5, 9), (4, 11), (5, 12), (1, 2), (2, 1), (2, 7), (1, 5), (1, 11), (2, 13), (7, 9), (6, 7), (6, 13), (4, 7), (3, 5), (3, 11), (5, 11), (1, 1), (2, 3), (2, 9), (1, 7), (1, 13), (1, 10), (6, 9), (7, 8)}
6 13 36 (3, 3) {(3, 4), (3, 1), (3, 7), (4, 9), (5, 7), (5, 13), (3, 13), (1, 6), (2, 5), (1, 3), (1, 9), (1, 12), (7, 7), (7, 13), (3, 3), (3, 9), (3, 12), (5, 9), (4, 11), (5, 12), (1, 2), (2, 1), (2, 7), (1, 5), (1, 11), (2, 13), (7, 9), (6, 7), (6, 13), (7, 12), (4, 7), (3, 5), (3, 11), (5, 11), (1, 1), (2, 3), (2, 9), (1, 7), (1, 13), (1, 10), (6, 9), (7, 8)}
7 13 37 (3, 3) {(3, 4), (3, 1), (3, 7), (4, 9), (5, 7), (5, 13), (3, 13), (1, 6), (2, 5), (1, 3), (1, 9), (1, 12), (7, 7), (7, 13), (3, 3), (3, 9), (3, 12), (5, 9), (4, 11), (5, 12), (1, 2), (2, 1), (2, 7), (1, 5), (1, 11), (2, 13), (7, 9), (6, 7), (6, 13), (7, 12), (4, 7), (3, 5), (3, 11), (5, 11), (1, 1), (2, 3), (2, 9), (1, 7), (1, 13), (1, 10), (6, 9), (7, 8)}
7 11 37 (3, 3) {(3, 4), (3, 1), (3, 7), (4, 9), (5, 7), (5, 13), (3, 13), (1, 6), (2, 5), (1, 3), (1, 9), (1, 12), (7, 7), (7, 13), (3, 3), (3, 9), (3, 12), (5, 9), (4, 11), (5, 12), (1, 2), (2, 1), (2, 7), (1, 5), (1, 11), (2, 13), (7, 9), (6, 7), (6, 13), (7, 12), (4, 7), (3, 5), (3, 11), (5, 11), (1, 1), (2, 3), (2, 9), (1, 7), (1, 13), (1, 10), (6, 9), (7, 8)}
7 12 38 (3, 3) {(3, 4), (3, 1), (3, 7), (4, 9), (5, 7), (5, 13), (3, 13), (1, 6), (2, 5), (1, 3), (1, 9), (1, 12), (7, 7), (7, 13), (3, 3), (3, 9), (3, 12), (5, 9), (4, 11), (5, 12), (1, 2), (2, 1), (2, 7), (1, 5), (1, 11), (2, 13), (7, 9), (6, 7), (6, 13), (7, 12), (4, 7), (3, 5), (3, 11), (5, 11), (1, 1), (2, 3), (2, 9), (1, 7), (1, 13), (1, 10), (7, 11), (6, 9), (7, 8)}
8 11 38 (3, 3) {(3, 4), (3, 1), (3, 7), (4, 9), (5, 7), (5, 13), (3, 13), (1, 6), (2, 5), (1, 3), (1, 9), (1, 12), (7, 7), (7, 13), (3, 3), (3, 9), (3, 12), (5, 9), (4, 11), (5, 12), (1, 2), (2, 1), (2, 7), (1, 5), (1, 11), (2, 13), (7, 9), (6, 7), (6, 13), (7, 12), (4, 7), (3, 5), (3, 11), (5, 11), (1, 1), (2, 3), (2, 9), (1, 7), (1, 13), (1, 10), (7, 11), (6, 9), (7, 8)}
9 11 39 (3, 3) {(3, 4), (3, 1), (3, 7), (4, 9), (5, 7), (5, 13), (3, 13), (1, 6), (2, 5), (1, 3), (1, 9), (1, 12), (7, 7), (7, 13), (3, 3), (3, 9), (3, 12), (5, 9), (4, 11), (5, 12), (8, 11), (1, 2), (2, 1), (2, 7), (1, 5), (1, 11), (2, 13), (7, 9), (6, 7), (6, 13), (7, 12), (4, 7), (3, 5), (3, 11), (5, 11), (1, 1), (2, 3), (2, 9), (1, 7), (1, 13), (1, 10), (7, 11), (6, 9), (7, 8)}
7 11 39 (3, 3) {(3, 4), (3, 1), (3, 7), (4, 9), (5, 7), (5, 13), (3, 13), (1, 6), (9, 11), (2, 5), (1, 3), (1, 9), (1, 12), (7, 7), (7, 13), (3, 3), (3, 9), (3, 12), (5, 9), (4, 11), (5, 12), (8, 11), (1, 2), (2, 1), (2, 7), (1, 5), (1, 11), (2, 13), (7, 9), (6, 7), (6, 13), (7, 12), (4, 7), (3, 5), (3, 11), (5, 11), (1, 1), (2, 3), (2, 9), (1, 7), (1, 13), (1, 10), (7, 11), (6, 9), (7, 8)}
9 12 40 (3, 3) {(3, 4), (3, 1), (3, 7), (4, 9), (5, 7), (5, 13), (3, 13), (1, 6), (9, 11), (2, 5), (1, 3), (1, 9), (1, 12), (7, 7), (7, 13), (3, 3), (3, 9), (3, 12), (5, 9), (4, 11), (5, 12), (8, 11), (1, 2), (2, 1), (2, 7), (1, 5), (1, 11), (2, 13), (7, 9), (6, 7), (6, 13), (7, 12), (4, 7), (3, 5), (3, 11), (5, 11), (1, 1), (2, 3), (2, 9), (1, 7), (1, 13), (1, 10), (7, 11), (6, 9), (7, 8)}
8 11 40 (3, 3) {(3, 4), (3, 1), (3, 7), (4, 9), (5, 7), (5, 13), (3, 13), (1, 6), (9, 11), (2, 5), (1, 3), (1, 9), (1, 12), (7, 7), (7, 13), (3, 3), (3, 9), (3, 12), (5, 9), (4, 11), (5, 12), (8, 11), (1, 2), (2, 1), (2, 7), (1, 5), (1, 11), (2, 13), (7, 9), (6, 7), (6, 13), (7, 12), (4, 7), (3, 5), (3, 11), (5, 11), (1, 1), (9, 12), (2, 3), (2, 9), (1, 7), (1, 13), (1, 10), (7, 11), (6, 9), (7, 8)}
9 13 41 (3, 3) {(3, 4), (3, 1), (3, 7), (4, 9), (5, 7), (5, 13), (3, 13), (1, 6), (9, 11), (2, 5), (1, 3), (1, 9), (1, 12), (7, 7), (7, 13), (3, 3), (3, 9), (3, 12), (5, 9), (4, 11), (5, 12), (8, 11), (1, 2), (2, 1), (2, 7), (1, 5), (1, 11), (2, 13), (7, 9), (6, 7), (6, 13), (7, 12), (4, 7), (3, 5), (3, 11), (5, 11), (1, 1), (9, 12), (2, 3), (2, 9), (1, 7), (1, 13), (1, 10), (7, 11), (6, 9), (7, 8)}
9 11 41 (3, 3) {(3, 4), (3, 1), (3, 7), (4, 9), (5, 7), (5, 13), (3, 13), (1, 6), (9, 11), (2, 5), (1, 3), (1, 9), (1, 12), (7, 7), (7, 13), (3, 3), (3, 9), (3, 12), (5, 9), (4, 11), (5, 12), (8, 11), (1, 2), (9, 13), (2, 1), (2, 7), (1, 5), (1, 11), (2, 13), (7, 9), (6, 7), (6, 13), (7, 12), (4, 7), (3, 5), (3, 11), (5, 11), (1, 1), (9, 12), (2, 3), (2, 9), (1, 7), (1, 13), (1, 10), (7, 11), (6, 9), (7, 8)}
9 12 42 (3, 3) {(3, 4), (3, 1), (3, 7), (4, 9), (5, 7), (5, 13), (3, 13), (1, 6), (9, 11), (2, 5), (1, 3), (1, 9), (1, 12), (7, 7), (7, 13), (3, 3), (3, 9), (3, 12), (5, 9), (4, 11), (5, 12), (8, 11), (1, 2), (9, 13), (2, 1), (2, 7), (1, 5), (1, 11), (2, 13), (7, 9), (6, 7), (6, 13), (7, 12), (4, 7), (3, 5), (3, 11), (5, 11), (1, 1), (9, 12), (2, 3), (2, 9), (1, 7), (1, 13), (1, 10), (7, 11), (6, 9), (7, 8)}
10 13 42 (3, 3) {(3, 4), (3, 1), (3, 7), (4, 9), (5, 7), (5, 13), (3, 13), (1, 6), (9, 11), (2, 5), (1, 3), (1, 9), (1, 12), (7, 7), (7, 13), (3, 3), (3, 9), (3, 12), (5, 9), (4, 11), (5, 12), (8, 11), (1, 2), (9, 13), (2, 1), (2, 7), (1, 5), (1, 11), (2, 13), (7, 9), (6, 7), (6, 13), (7, 12), (4, 7), (3, 5), (3, 11), (5, 11), (1, 1), (9, 12), (2, 3), (2, 9), (1, 7), (1, 13), (1, 10), (7, 11), (6, 9), (7, 8)}
11 13 43 (3, 3) {(3, 4), (3, 1), (3, 7), (4, 9), (5, 7), (5, 13), (3, 13), (1, 6), (9, 11), (2, 5), (1, 3), (1, 9), (1, 12), (7, 7), (7, 13), (3, 3), (3, 9), (3, 12), (5, 9), (4, 11), (5, 12), (8, 11), (1, 2), (9, 13), (2, 1), (2, 7), (1, 5), (1, 11), (2, 13), (7, 9), (6, 7), (6, 13), (7, 12), (4, 7), (3, 5), (3, 11), (5, 11), (1, 1), (9, 12), (10, 13), (2, 3), (2, 9), (1, 7), (1, 13), (1, 10), (7, 11), (6, 9), (7, 8)}
9 13 43 (3, 3) {(3, 4), (3, 1), (3, 7), (4, 9), (5, 7), (5, 13), (3, 13), (1, 6), (9, 11), (2, 5), (1, 3), (1, 9), (1, 12), (7, 7), (7, 13), (3, 3), (3, 9), (3, 12), (5, 9), (4, 11), (5, 12), (8, 11), (1, 2), (9, 13), (2, 1), (2, 7), (1, 5), (1, 11), (11, 13), (2, 13), (7, 9), (6, 7), (6, 13), (7, 12), (4, 7), (3, 5), (3, 11), (5, 11), (1, 1), (9, 12), (10, 13), (2, 3), (2, 9), (1, 7), (1, 13), (1, 10), (7, 11), (6, 9), (7, 8)}
11 12 44 (3, 3) {(3, 4), (3, 1), (3, 7), (4, 9), (5, 7), (5, 13), (3, 13), (1, 6), (9, 11), (2, 5), (1, 3), (1, 9), (1, 12), (7, 7), (7, 13), (3, 3), (3, 9), (3, 12), (5, 9), (4, 11), (5, 12), (8, 11), (1, 2), (9, 13), (2, 1), (2, 7), (1, 5), (1, 11), (11, 13), (2, 13), (7, 9), (6, 7), (6, 13), (7, 12), (4, 7), (3, 5), (3, 11), (5, 11), (1, 1), (9, 12), (10, 13), (2, 3), (2, 9), (1, 7), (1, 13), (1, 10), (7, 11), (6, 9), (7, 8)}
10 13 44 (3, 3) {(3, 4), (3, 1), (3, 7), (4, 9), (5, 7), (5, 13), (3, 13), (1, 6), (9, 11), (2, 5), (1, 3), (1, 9), (1, 12), (7, 7), (7, 13), (3, 3), (3, 9), (3, 12), (5, 9), (4, 11), (5, 12), (8, 11), (1, 2), (9, 13), (2, 1), (2, 7), (1, 5), (1, 11), (11, 13), (2, 13), (7, 9), (6, 7), (6, 13), (7, 12), (4, 7), (3, 5), (3, 11), (5, 11), (1, 1), (9, 12), (10, 13), (2, 3), (2, 9), (1, 7), (1, 13), (11, 12), (1, 10), (7, 11), (6, 9), (7, 8)}
11 13 45 (3, 3) {(3, 4), (3, 1), (3, 7), (4, 9), (5, 7), (5, 13), (3, 13), (1, 6), (9, 11), (2, 5), (1, 3), (1, 9), (1, 12), (7, 7), (7, 13), (3, 3), (3, 9), (3, 12), (5, 9), (4, 11), (5, 12), (8, 11), (1, 2), (9, 13), (2, 1), (2, 7), (1, 5), (1, 11), (11, 13), (2, 13), (7, 9), (6, 7), (6, 13), (7, 12), (4, 7), (3, 5), (3, 11), (5, 11), (1, 1), (9, 12), (10, 13), (2, 3), (2, 9), (1, 7), (1, 13), (11, 12), (1, 10), (7, 11), (6, 9), (7, 8)}
11 11 45 (3, 3) {(3, 4), (3, 1), (3, 7), (4, 9), (5, 7), (5, 13), (3, 13), (1, 6), (9, 11), (2, 5), (1, 3), (1, 9), (1, 12), (7, 7), (7, 13), (3, 3), (3, 9), (3, 12), (5, 9), (4, 11), (5, 12), (8, 11), (1, 2), (9, 13), (2, 1), (2, 7), (1, 5), (1, 11), (11, 13), (2, 13), (7, 9), (6, 7), (6, 13), (7, 12), (4, 7), (3, 5), (3, 11), (5, 11), (1, 1), (9, 12), (10, 13), (2, 3), (2, 9), (1, 7), (1, 13), (11, 12), (1, 10), (7, 11), (6, 9), (7, 8)}
11 12 46 (3, 3) {(3, 4), (3, 1), (3, 7), (4, 9), (5, 7), (5, 13), (3, 13), (1, 6), (9, 11), (2, 5), (1, 3), (1, 9), (11, 11), (1, 12), (7, 7), (7, 13), (3, 3), (3, 9), (3, 12), (5, 9), (4, 11), (5, 12), (8, 11), (1, 2), (9, 13), (2, 1), (2, 7), (1, 5), (1, 11), (11, 13), (2, 13), (7, 9), (6, 7), (6, 13), (7, 12), (4, 7), (3, 5), (3, 11), (5, 11), (1, 1), (9, 12), (10, 13), (2, 3), (2, 9), (1, 7), (1, 13), (11, 12), (1, 10), (7, 11), (6, 9), (7, 8)}
12 11 46 (3, 3) {(3, 4), (3, 1), (3, 7), (4, 9), (5, 7), (5, 13), (3, 13), (1, 6), (9, 11), (2, 5), (1, 3), (1, 9), (11, 11), (1, 12), (7, 7), (7, 13), (3, 3), (3, 9), (3, 12), (5, 9), (4, 11), (5, 12), (8, 11), (1, 2), (9, 13), (2, 1), (2, 7), (1, 5), (1, 11), (11, 13), (2, 13), (7, 9), (6, 7), (6, 13), (7, 12), (4, 7), (3, 5), (3, 11), (5, 11), (1, 1), (9, 12), (10, 13), (2, 3), (2, 9), (1, 7), (1, 13), (11, 12), (1, 10), (7, 11), (6, 9), (7, 8)}
13 11 47 (3, 3) {(3, 4), (3, 1), (3, 7), (4, 9), (5, 7), (5, 13), (3, 13), (1, 6), (9, 11), (2, 5), (1, 3), (1, 9), (11, 11), (1, 12), (7, 7), (7, 13), (3, 3), (3, 9), (3, 12), (5, 9), (4, 11), (5, 12), (8, 11), (1, 2), (9, 13), (2, 1), (2, 7), (1, 5), (1, 11), (11, 13), (2, 13), (7, 9), (6, 7), (6, 13), (7, 12), (12, 11), (4, 7), (3, 5), (3, 11), (5, 11), (1, 1), (9, 12), (10, 13), (2, 3), (2, 9), (1, 7), (1, 13), (11, 12), (1, 10), (7, 11), (6, 9), (7, 8)}
11 11 47 (3, 3) {(3, 4), (3, 1), (3, 7), (4, 9), (5, 7), (5, 13), (3, 13), (1, 6), (9, 11), (2, 5), (1, 3), (1, 9), (11, 11), (13, 11), (1, 12), (7, 7), (7, 13), (3, 3), (3, 9), (3, 12), (5, 9), (4, 11), (5, 12), (8, 11), (1, 2), (9, 13), (2, 1), (2, 7), (1, 5), (1, 11), (11, 13), (2, 13), (7, 9), (6, 7), (6, 13), (7, 12), (12, 11), (4, 7), (3, 5), (3, 11), (5, 11), (1, 1), (9, 12), (10, 13), (2, 3), (2, 9), (1, 7), (1, 13), (11, 12), (1, 10), (7, 11), (6, 9), (7, 8)}
13 10 48 (3, 3) {(3, 4), (3, 1), (3, 7), (4, 9), (5, 7), (5, 13), (3, 13), (1, 6), (9, 11), (2, 5), (1, 3), (1, 9), (11, 11), (13, 11), (1, 12), (7, 7), (7, 13), (3, 3), (3, 9), (3, 12), (5, 9), (4, 11), (5, 12), (8, 11), (1, 2), (9, 13), (2, 1), (2, 7), (1, 5), (1, 11), (11, 13), (2, 13), (7, 9), (6, 7), (6, 13), (7, 12), (12, 11), (4, 7), (3, 5), (3, 11), (5, 11), (1, 1), (9, 12), (10, 13), (2, 3), (2, 9), (1, 7), (1, 13), (11, 12), (1, 10), (7, 11), (6, 9), (7, 8)}
12 11 48 (3, 3) {(3, 4), (3, 1), (3, 7), (4, 9), (5, 7), (5, 13), (3, 13), (1, 6), (9, 11), (2, 5), (1, 3), (1, 9), (11, 11), (13, 11), (1, 12), (7, 7), (7, 13), (3, 3), (3, 9), (3, 12), (5, 9), (4, 11), (5, 12), (8, 11), (1, 2), (9, 13), (2, 1), (2, 7), (1, 5), (1, 11), (11, 13), (13, 10), (2, 13), (7, 9), (6, 7), (6, 13), (7, 12), (12, 11), (4, 7), (3, 5), (3, 11), (5, 11), (1, 1), (9, 12), (10, 13), (2, 3), (2, 9), (1, 7), (1, 13), (11, 12), (1, 10), (7, 11), (6, 9), (7, 8)}
13 11 49 (3, 3) {(3, 4), (3, 1), (3, 7), (4, 9), (5, 7), (5, 13), (3, 13), (1, 6), (9, 11), (2, 5), (1, 3), (1, 9), (11, 11), (13, 11), (1, 12), (7, 7), (7, 13), (3, 3), (3, 9), (3, 12), (5, 9), (4, 11), (5, 12), (8, 11), (1, 2), (9, 13), (2, 1), (2, 7), (1, 5), (1, 11), (11, 13), (13, 10), (2, 13), (7, 9), (6, 7), (6, 13), (7, 12), (12, 11), (4, 7), (3, 5), (3, 11), (5, 11), (1, 1), (9, 12), (10, 13), (2, 3), (2, 9), (1, 7), (1, 13), (11, 12), (1, 10), (7, 11), (6, 9), (7, 8)}
13 9 49 (3, 3) {(3, 4), (3, 1), (3, 7), (4, 9), (5, 7), (5, 13), (3, 13), (1, 6), (9, 11), (2, 5), (1, 3), (1, 9), (11, 11), (13, 11), (1, 12), (7, 7), (7, 13), (3, 3), (3, 9), (3, 12), (5, 9), (4, 11), (5, 12), (8, 11), (1, 2), (9, 13), (2, 1), (2, 7), (1, 5), (1, 11), (11, 13), (13, 10), (2, 13), (7, 9), (6, 7), (6, 13), (7, 12), (12, 11), (4, 7), (3, 5), (3, 11), (5, 11), (1, 1), (9, 12), (10, 13), (2, 3), (2, 9), (1, 7), (1, 13), (11, 12), (1, 10), (7, 11), (6, 9), (7, 8)}
13 10 50 (3, 3) {(3, 4), (3, 1), (3, 7), (4, 9), (5, 7), (5, 13), (3, 13), (1, 6), (9, 11), (2, 5), (1, 3), (1, 9), (11, 11), (13, 11), (1, 12), (7, 7), (7, 13), (3, 3), (3, 9), (3, 12), (5, 9), (4, 11), (5, 12), (8, 11), (1, 2), (9, 13), (2, 1), (2, 7), (1, 5), (1, 11), (11, 13), (13, 10), (2, 13), (7, 9), (6, 7), (6, 13), (7, 12), (12, 11), (4, 7), (3, 5), (3, 11), (5, 11), (1, 1), (9, 12), (10, 13), (2, 3), (2, 9), (1, 7), (1, 13), (11, 12), (13, 9), (1, 10), (7, 11), (6, 9), (7, 8)}
12 9 50 (3, 3) {(3, 4), (3, 1), (3, 7), (4, 9), (5, 7), (5, 13), (3, 13), (1, 6), (9, 11), (2, 5), (1, 3), (1, 9), (11, 11), (13, 11), (1, 12), (7, 7), (7, 13), (3, 3), (3, 9), (3, 12), (5, 9), (4, 11), (5, 12), (8, 11), (1, 2), (9, 13), (2, 1), (2, 7), (1, 5), (1, 11), (11, 13), (13, 10), (2, 13), (7, 9), (6, 7), (6, 13), (7, 12), (12, 11), (4, 7), (3, 5), (3, 11), (5, 11), (1, 1), (9, 12), (10, 13), (2, 3), (2, 9), (1, 7), (1, 13), (11, 12), (13, 9), (1, 10), (7, 11), (6, 9), (7, 8)}
13 9 51 (3, 3) {(3, 4), (3, 1), (3, 7), (4, 9), (5, 7), (5, 13), (3, 13), (1, 6), (9, 11), (2, 5), (1, 3), (1, 9), (11, 11), (13, 11), (1, 12), (7, 7), (7, 13), (12, 9), (3, 3), (3, 9), (3, 12), (5, 9), (4, 11), (5, 12), (8, 11), (1, 2), (9, 13), (2, 1), (2, 7), (1, 5), (1, 11), (11, 13), (13, 10), (2, 13), (7, 9), (6, 7), (6, 13), (7, 12), (12, 11), (4, 7), (3, 5), (3, 11), (5, 11), (1, 1), (9, 12), (10, 13), (2, 3), (2, 9), (1, 7), (1, 13), (11, 12), (13, 9), (1, 10), (7, 11), (6, 9), (7, 8)}
11 9 51 (3, 3) {(3, 4), (3, 1), (3, 7), (4, 9), (5, 7), (5, 13), (3, 13), (1, 6), (9, 11), (2, 5), (1, 3), (1, 9), (11, 11), (13, 11), (1, 12), (7, 7), (7, 13), (12, 9), (3, 3), (3, 9), (3, 12), (5, 9), (4, 11), (5, 12), (8, 11), (1, 2), (9, 13), (2, 1), (2, 7), (1, 5), (1, 11), (11, 13), (13, 10), (2, 13), (7, 9), (6, 7), (6, 13), (7, 12), (12, 11), (4, 7), (3, 5), (3, 11), (5, 11), (1, 1), (9, 12), (10, 13), (2, 3), (2, 9), (1, 7), (1, 13), (11, 12), (13, 9), (1, 10), (7, 11), (6, 9), (7, 8)}
12 9 52 (3, 3) {(3, 4), (3, 1), (3, 7), (4, 9), (5, 7), (5, 13), (3, 13), (1, 6), (9, 11), (2, 5), (1, 3), (1, 9), (11, 11), (13, 11), (1, 12), (7, 7), (7, 13), (12, 9), (3, 3), (3, 9), (3, 12), (5, 9), (4, 11), (5, 12), (8, 11), (1, 2), (9, 13), (2, 1), (2, 7), (1, 5), (1, 11), (11, 13), (13, 10), (2, 13), (7, 9), (6, 7), (6, 13), (7, 12), (12, 11), (4, 7), (3, 5), (3, 11), (5, 11), (1, 1), (9, 12), (11, 9), (10, 13), (2, 3), (2, 9), (1, 7), (1, 13), (11, 12), (13, 9), (1, 10), (7, 11), (6, 9), (7, 8)}
10 9 52 (3, 3) {(3, 4), (3, 1), (3, 7), (4, 9), (5, 7), (5, 13), (3, 13), (1, 6), (9, 11), (2, 5), (1, 3), (1, 9), (11, 11), (13, 11), (1, 12), (7, 7), (7, 13), (12, 9), (3, 3), (3, 9), (3, 12), (5, 9), (4, 11), (5, 12), (8, 11), (1, 2), (9, 13), (2, 1), (2, 7), (1, 5), (1, 11), (11, 13), (13, 10), (2, 13), (7, 9), (6, 7), (6, 13), (7, 12), (12, 11), (4, 7), (3, 5), (3, 11), (5, 11), (1, 1), (9, 12), (11, 9), (10, 13), (2, 3), (2, 9), (1, 7), (1, 13), (11, 12), (13, 9), (1, 10), (7, 11), (6, 9), (7, 8)}
11 9 53 (3, 3) {(3, 4), (3, 1), (3, 7), (4, 9), (5, 7), (5, 13), (3, 13), (10, 9), (1, 6), (9, 11), (2, 5), (1, 3), (1, 9), (11, 11), (13, 11), (1, 12), (7, 7), (7, 13), (12, 9), (3, 3), (3, 9), (3, 12), (5, 9), (4, 11), (5, 12), (8, 11), (1, 2), (9, 13), (2, 1), (2, 7), (1, 5), (1, 11), (11, 13), (13, 10), (2, 13), (7, 9), (6, 7), (6, 13), (7, 12), (12, 11), (4, 7), (3, 5), (3, 11), (5, 11), (1, 1), (9, 12), (11, 9), (10, 13), (2, 3), (2, 9), (1, 7), (1, 13), (11, 12), (13, 9), (1, 10), (7, 11), (6, 9), (7, 8)}
9 9 53 (3, 3) {(3, 4), (3, 1), (3, 7), (4, 9), (5, 7), (5, 13), (3, 13), (10, 9), (1, 6), (9, 11), (2, 5), (1, 3), (1, 9), (11, 11), (13, 11), (1, 12), (7, 7), (7, 13), (12, 9), (3, 3), (3, 9), (3, 12), (5, 9), (4, 11), (5, 12), (8, 11), (1, 2), (9, 13), (2, 1), (2, 7), (1, 5), (1, 11), (11, 13), (13, 10), (2, 13), (7, 9), (6, 7), (6, 13), (7, 12), (12, 11), (4, 7), (3, 5), (3, 11), (5, 11), (1, 1), (9, 12), (11, 9), (10, 13), (2, 3), (2, 9), (1, 7), (1, 13), (11, 12), (13, 9), (1, 10), (7, 11), (6, 9), (7, 8)}
9 8 54 (3, 3) {(3, 4), (3, 1), (3, 7), (4, 9), (5, 7), (5, 13), (3, 13), (10, 9), (1, 6), (9, 11), (2, 5), (1, 3), (1, 9), (11, 11), (13, 11), (1, 12), (7, 7), (7, 13), (12, 9), (3, 3), (3, 9), (3, 12), (5, 9), (4, 11), (5, 12), (8, 11), (1, 2), (9, 13), (2, 1), (2, 7), (1, 5), (1, 11), (11, 13), (13, 10), (2, 13), (7, 9), (6, 7), (6, 13), (7, 12), (12, 11), (4, 7), (3, 5), (3, 11), (5, 11), (9, 9), (1, 1), (9, 12), (11, 9), (10, 13), (2, 3), (2, 9), (1, 7), (1, 13), (11, 12), (13, 9), (1, 10), (7, 11), (6, 9), (7, 8)}
10 9 54 (3, 3) {(3, 4), (3, 1), (3, 7), (4, 9), (5, 7), (5, 13), (3, 13), (9, 8), (10, 9), (1, 6), (9, 11), (2, 5), (1, 3), (1, 9), (11, 11), (13, 11), (1, 12), (7, 7), (7, 13), (12, 9), (3, 3), (3, 9), (3, 12), (5, 9), (4, 11), (5, 12), (8, 11), (1, 2), (9, 13), (2, 1), (2, 7), (1, 5), (1, 11), (11, 13), (13, 10), (2, 13), (7, 9), (6, 7), (6, 13), (7, 12), (12, 11), (4, 7), (3, 5), (3, 11), (5, 11), (9, 9), (1, 1), (9, 12), (11, 9), (10, 13), (2, 3), (2, 9), (1, 7), (1, 13), (11, 12), (13, 9), (1, 10), (7, 11), (6, 9), (7, 8)}
9 9 55 (3, 3) {(3, 4), (3, 1), (3, 7), (4, 9), (5, 7), (5, 13), (3, 13), (9, 8), (10, 9), (1, 6), (9, 11), (2, 5), (1, 3), (1, 9), (11, 11), (13, 11), (1, 12), (7, 7), (7, 13), (12, 9), (3, 3), (3, 9), (3, 12), (5, 9), (4, 11), (5, 12), (8, 11), (1, 2), (9, 13), (2, 1), (2, 7), (1, 5), (1, 11), (11, 13), (13, 10), (2, 13), (7, 9), (6, 7), (6, 13), (7, 12), (12, 11), (4, 7), (3, 5), (3, 11), (5, 11), (9, 9), (1, 1), (9, 12), (11, 9), (10, 13), (2, 3), (2, 9), (1, 7), (1, 13), (11, 12), (13, 9), (1, 10), (7, 11), (6, 9), (7, 8)}
9 7 55 (3, 3) {(3, 4), (3, 1), (3, 7), (4, 9), (5, 7), (5, 13), (3, 13), (9, 8), (10, 9), (1, 6), (9, 11), (2, 5), (1, 3), (1, 9), (11, 11), (13, 11), (1, 12), (7, 7), (7, 13), (12, 9), (3, 3), (3, 9), (3, 12), (5, 9), (4, 11), (5, 12), (8, 11), (1, 2), (9, 13), (2, 1), (2, 7), (1, 5), (1, 11), (11, 13), (13, 10), (2, 13), (7, 9), (6, 7), (6, 13), (7, 12), (12, 11), (4, 7), (3, 5), (3, 11), (5, 11), (9, 9), (1, 1), (9, 12), (11, 9), (10, 13), (2, 3), (2, 9), (1, 7), (1, 13), (11, 12), (13, 9), (1, 10), (7, 11), (6, 9), (7, 8)}
9 8 56 (3, 3) {(3, 4), (3, 1), (3, 7), (4, 9), (5, 7), (5, 13), (3, 13), (9, 8), (10, 9), (1, 6), (9, 11), (2, 5), (1, 3), (1, 9), (11, 11), (13, 11), (1, 12), (7, 7), (7, 13), (12, 9), (3, 3), (3, 9), (3, 12), (5, 9), (4, 11), (9, 7), (5, 12), (8, 11), (1, 2), (9, 13), (2, 1), (2, 7), (1, 5), (1, 11), (11, 13), (13, 10), (2, 13), (7, 9), (6, 7), (6, 13), (7, 12), (12, 11), (4, 7), (3, 5), (3, 11), (5, 11), (9, 9), (1, 1), (9, 12), (11, 9), (10, 13), (2, 3), (2, 9), (1, 7), (1, 13), (11, 12), (13, 9), (1, 10), (7, 11), (6, 9), (7, 8)}
10 7 56 (3, 3) {(3, 4), (3, 1), (3, 7), (4, 9), (5, 7), (5, 13), (3, 13), (9, 8), (10, 9), (1, 6), (9, 11), (2, 5), (1, 3), (1, 9), (11, 11), (13, 11), (1, 12), (7, 7), (7, 13), (12, 9), (3, 3), (3, 9), (3, 12), (5, 9), (4, 11), (9, 7), (5, 12), (8, 11), (1, 2), (9, 13), (2, 1), (2, 7), (1, 5), (1, 11), (11, 13), (13, 10), (2, 13), (7, 9), (6, 7), (6, 13), (7, 12), (12, 11), (4, 7), (3, 5), (3, 11), (5, 11), (9, 9), (1, 1), (9, 12), (11, 9), (10, 13), (2, 3), (2, 9), (1, 7), (1, 13), (11, 12), (13, 9), (1, 10), (7, 11), (6, 9), (7, 8)}
11 7 57 (3, 3) {(3, 4), (3, 1), (3, 7), (4, 9), (5, 7), (5, 13), (3, 13), (9, 8), (10, 9), (1, 6), (9, 11), (2, 5), (1, 3), (1, 9), (11, 11), (13, 11), (1, 12), (7, 7), (7, 13), (12, 9), (3, 3), (3, 9), (3, 12), (5, 9), (4, 11), (9, 7), (5, 12), (8, 11), (1, 2), (9, 13), (2, 1), (2, 7), (1, 5), (1, 11), (11, 13), (13, 10), (2, 13), (7, 9), (6, 7), (6, 13), (7, 12), (12, 11), (4, 7), (3, 5), (3, 11), (5, 11), (9, 9), (1, 1), (9, 12), (11, 9), (10, 7), (10, 13), (2, 3), (2, 9), (1, 7), (1, 13), (11, 12), (13, 9), (1, 10), (7, 11), (6, 9), (7, 8)}
9 7 57 (3, 3) {(3, 4), (3, 1), (3, 7), (4, 9), (5, 7), (5, 13), (3, 13), (9, 8), (10, 9), (1, 6), (9, 11), (2, 5), (1, 3), (1, 9), (11, 11), (13, 11), (1, 12), (7, 7), (7, 13), (12, 9), (3, 3), (3, 9), (3, 12), (5, 9), (4, 11), (9, 7), (5, 12), (8, 11), (11, 7), (1, 2), (9, 13), (2, 1), (2, 7), (1, 5), (1, 11), (11, 13), (13, 10), (2, 13), (7, 9), (6, 7), (6, 13), (7, 12), (12, 11), (4, 7), (3, 5), (3, 11), (5, 11), (9, 9), (1, 1), (9, 12), (11, 9), (10, 7), (10, 13), (2, 3), (2, 9), (1, 7), (1, 13), (11, 12), (13, 9), (1, 10), (7, 11), (6, 9), (7, 8)}
12 7 58 (3, 3) {(3, 4), (3, 1), (3, 7), (4, 9), (5, 7), (5, 13), (3, 13), (9, 8), (10, 9), (1, 6), (9, 11), (2, 5), (1, 3), (1, 9), (11, 11), (13, 11), (1, 12), (7, 7), (7, 13), (12, 9), (3, 3), (3, 9), (3, 12), (5, 9), (4, 11), (9, 7), (5, 12), (8, 11), (11, 7), (1, 2), (9, 13), (2, 1), (2, 7), (1, 5), (1, 11), (11, 13), (13, 10), (2, 13), (7, 9), (6, 7), (6, 13), (7, 12), (12, 11), (4, 7), (3, 5), (3, 11), (5, 11), (9, 9), (1, 1), (9, 12), (11, 9), (10, 7), (10, 13), (2, 3), (2, 9), (1, 7), (1, 13), (11, 12), (13, 9), (1, 10), (7, 11), (6, 9), (7, 8)}
10 7 58 (3, 3) {(12, 7), (3, 4), (3, 1), (3, 7), (4, 9), (5, 7), (5, 13), (3, 13), (9, 8), (10, 9), (1, 6), (9, 11), (2, 5), (1, 3), (1, 9), (11, 11), (13, 11), (1, 12), (7, 7), (7, 13), (12, 9), (3, 3), (3, 9), (3, 12), (5, 9), (4, 11), (9, 7), (5, 12), (8, 11), (11, 7), (1, 2), (9, 13), (2, 1), (2, 7), (1, 5), (1, 11), (11, 13), (13, 10), (2, 13), (7, 9), (6, 7), (6, 13), (7, 12), (12, 11), (4, 7), (3, 5), (3, 11), (5, 11), (9, 9), (1, 1), (9, 12), (11, 9), (10, 7), (10, 13), (2, 3), (2, 9), (1, 7), (1, 13), (11, 12), (13, 9), (1, 10), (7, 11), (6, 9), (7, 8)}
13 7 59 (3, 3) {(12, 7), (3, 4), (3, 1), (3, 7), (4, 9), (5, 7), (5, 13), (3, 13), (9, 8), (10, 9), (1, 6), (9, 11), (2, 5), (1, 3), (1, 9), (11, 11), (13, 11), (1, 12), (7, 7), (7, 13), (12, 9), (3, 3), (3, 9), (3, 12), (5, 9), (4, 11), (9, 7), (5, 12), (8, 11), (11, 7), (1, 2), (9, 13), (2, 1), (2, 7), (1, 5), (1, 11), (11, 13), (13, 10), (2, 13), (7, 9), (6, 7), (6, 13), (7, 12), (12, 11), (4, 7), (3, 5), (3, 11), (5, 11), (9, 9), (1, 1), (9, 12), (11, 9), (10, 7), (10, 13), (2, 3), (2, 9), (1, 7), (1, 13), (11, 12), (13, 9), (1, 10), (7, 11), (6, 9), (7, 8)}
11 7 59 (3, 3) {(12, 7), (3, 4), (3, 1), (3, 7), (4, 9), (5, 7), (5, 13), (3, 13), (9, 8), (10, 9), (1, 6), (9, 11), (2, 5), (1, 3), (1, 9), (11, 11), (13, 11), (1, 12), (7, 7), (7, 13), (12, 9), (3, 3), (3, 9), (3, 12), (5, 9), (4, 11), (9, 7), (5, 12), (8, 11), (11, 7), (1, 2), (9, 13), (2, 1), (2, 7), (1, 5), (1, 11), (11, 13), (13, 7), (13, 10), (2, 13), (7, 9), (6, 7), (6, 13), (7, 12), (12, 11), (4, 7), (3, 5), (3, 11), (5, 11), (9, 9), (1, 1), (9, 12), (11, 9), (10, 7), (10, 13), (2, 3), (2, 9), (1, 7), (1, 13), (11, 12), (13, 9), (1, 10), (7, 11), (6, 9), (7, 8)}
13 6 60 (3, 3) {(12, 7), (3, 4), (3, 1), (3, 7), (4, 9), (5, 7), (5, 13), (3, 13), (9, 8), (10, 9), (1, 6), (9, 11), (2, 5), (1, 3), (1, 9), (11, 11), (13, 11), (1, 12), (7, 7), (7, 13), (12, 9), (3, 3), (3, 9), (3, 12), (5, 9), (4, 11), (9, 7), (5, 12), (8, 11), (11, 7), (1, 2), (9, 13), (2, 1), (2, 7), (1, 5), (1, 11), (11, 13), (13, 7), (13, 10), (2, 13), (7, 9), (6, 7), (6, 13), (7, 12), (12, 11), (4, 7), (3, 5), (3, 11), (5, 11), (9, 9), (1, 1), (9, 12), (11, 9), (10, 7), (10, 13), (2, 3), (2, 9), (1, 7), (1, 13), (11, 12), (13, 9), (1, 10), (7, 11), (6, 9), (7, 8)}
12 7 60 (3, 3) {(12, 7), (3, 4), (3, 1), (3, 7), (4, 9), (5, 7), (5, 13), (3, 13), (9, 8), (10, 9), (1, 6), (9, 11), (2, 5), (1, 3), (1, 9), (11, 11), (13, 11), (1, 12), (7, 7), (7, 13), (12, 9), (3, 3), (3, 9), (3, 12), (5, 9), (4, 11), (9, 7), (5, 12), (8, 11), (11, 7), (1, 2), (9, 13), (2, 1), (2, 7), (1, 5), (1, 11), (11, 13), (13, 7), (13, 10), (2, 13), (7, 9), (6, 7), (6, 13), (7, 12), (12, 11), (4, 7), (3, 5), (3, 11), (5, 11), (9, 9), (1, 1), (9, 12), (11, 9), (10, 7), (10, 13), (2, 3), (2, 9), (1, 7), (1, 13), (11, 12), (13, 9), (1, 10), (13, 6), (7, 11), (6, 9), (7, 8)}
13 7 61 (3, 3) {(12, 7), (3, 4), (3, 1), (3, 7), (4, 9), (5, 7), (5, 13), (3, 13), (9, 8), (10, 9), (1, 6), (9, 11), (2, 5), (1, 3), (1, 9), (11, 11), (13, 11), (1, 12), (7, 7), (7, 13), (12, 9), (3, 3), (3, 9), (3, 12), (5, 9), (4, 11), (9, 7), (5, 12), (8, 11), (11, 7), (1, 2), (9, 13), (2, 1), (2, 7), (1, 5), (1, 11), (11, 13), (13, 7), (13, 10), (2, 13), (7, 9), (6, 7), (6, 13), (7, 12), (12, 11), (4, 7), (3, 5), (3, 11), (5, 11), (9, 9), (1, 1), (9, 12), (11, 9), (10, 7), (10, 13), (2, 3), (2, 9), (1, 7), (1, 13), (11, 12), (13, 9), (1, 10), (13, 6), (7, 11), (6, 9), (7, 8)}
13 5 61 (3, 3) {(12, 7), (3, 4), (3, 1), (3, 7), (4, 9), (5, 7), (5, 13), (3, 13), (9, 8), (10, 9), (1, 6), (9, 11), (2, 5), (1, 3), (1, 9), (11, 11), (13, 11), (1, 12), (7, 7), (7, 13), (12, 9), (3, 3), (3, 9), (3, 12), (5, 9), (4, 11), (9, 7), (5, 12), (8, 11), (11, 7), (1, 2), (9, 13), (2, 1), (2, 7), (1, 5), (1, 11), (11, 13), (13, 7), (13, 10), (2, 13), (7, 9), (6, 7), (6, 13), (7, 12), (12, 11), (4, 7), (3, 5), (3, 11), (5, 11), (9, 9), (1, 1), (9, 12), (11, 9), (10, 7), (10, 13), (2, 3), (2, 9), (1, 7), (1, 13), (11, 12), (13, 9), (1, 10), (13, 6), (7, 11), (6, 9), (7, 8)}
13 6 62 (3, 3) {(12, 7), (3, 4), (3, 1), (3, 7), (4, 9), (5, 7), (5, 13), (3, 13), (9, 8), (10, 9), (1, 6), (9, 11), (2, 5), (1, 3), (1, 9), (11, 11), (13, 11), (13, 5), (1, 12), (7, 7), (7, 13), (12, 9), (3, 3), (3, 9), (3, 12), (5, 9), (4, 11), (9, 7), (5, 12), (8, 11), (11, 7), (1, 2), (9, 13), (2, 1), (2, 7), (1, 5), (1, 11), (11, 13), (13, 7), (13, 10), (2, 13), (7, 9), (6, 7), (6, 13), (7, 12), (12, 11), (4, 7), (3, 5), (3, 11), (5, 11), (9, 9), (1, 1), (9, 12), (11, 9), (10, 7), (10, 13), (2, 3), (2, 9), (1, 7), (1, 13), (11, 12), (13, 9), (1, 10), (13, 6), (7, 11), (6, 9), (7, 8)}
12 5 62 (3, 3) {(12, 7), (3, 4), (3, 1), (3, 7), (4, 9), (5, 7), (5, 13), (3, 13), (9, 8), (10, 9), (1, 6), (9, 11), (2, 5), (1, 3), (1, 9), (11, 11), (13, 11), (13, 5), (1, 12), (7, 7), (7, 13), (12, 9), (3, 3), (3, 9), (3, 12), (5, 9), (4, 11), (9, 7), (5, 12), (8, 11), (11, 7), (1, 2), (9, 13), (2, 1), (2, 7), (1, 5), (1, 11), (11, 13), (13, 7), (13, 10), (2, 13), (7, 9), (6, 7), (6, 13), (7, 12), (12, 11), (4, 7), (3, 5), (3, 11), (5, 11), (9, 9), (1, 1), (9, 12), (11, 9), (10, 7), (10, 13), (2, 3), (2, 9), (1, 7), (1, 13), (11, 12), (13, 9), (1, 10), (13, 6), (7, 11), (6, 9), (7, 8)}
13 5 63 (3, 3) {(12, 7), (3, 4), (3, 1), (3, 7), (4, 9), (5, 7), (5, 13), (3, 13), (9, 8), (10, 9), (1, 6), (9, 11), (2, 5), (1, 3), (1, 9), (11, 11), (13, 11), (13, 5), (1, 12), (7, 7), (7, 13), (12, 9), (3, 3), (3, 9), (3, 12), (5, 9), (4, 11), (9, 7), (5, 12), (8, 11), (11, 7), (1, 2), (9, 13), (2, 1), (2, 7), (1, 5), (1, 11), (11, 13), (13, 7), (13, 10), (2, 13), (7, 9), (6, 7), (6, 13), (7, 12), (12, 5), (12, 11), (4, 7), (3, 5), (3, 11), (5, 11), (9, 9), (1, 1), (9, 12), (11, 9), (10, 7), (10, 13), (2, 3), (2, 9), (1, 7), (1, 13), (11, 12), (13, 9), (1, 10), (13, 6), (7, 11), (6, 9), (7, 8)}
11 5 63 (3, 3) {(12, 7), (3, 4), (3, 1), (3, 7), (4, 9), (5, 7), (5, 13), (3, 13), (9, 8), (10, 9), (1, 6), (9, 11), (2, 5), (1, 3), (1, 9), (11, 11), (13, 11), (13, 5), (1, 12), (7, 7), (7, 13), (12, 9), (3, 3), (3, 9), (3, 12), (5, 9), (4, 11), (9, 7), (5, 12), (8, 11), (11, 7), (1, 2), (9, 13), (2, 1), (2, 7), (1, 5), (1, 11), (11, 13), (13, 7), (13, 10), (2, 13), (7, 9), (6, 7), (6, 13), (7, 12), (12, 5), (12, 11), (4, 7), (3, 5), (3, 11), (5, 11), (9, 9), (1, 1), (9, 12), (11, 9), (10, 7), (10, 13), (2, 3), (2, 9), (1, 7), (1, 13), (11, 12), (13, 9), (1, 10), (13, 6), (7, 11), (6, 9), (7, 8)}
11 4 64 (3, 3) {(12, 7), (3, 4), (3, 1), (3, 7), (4, 9), (5, 7), (5, 13), (3, 13), (9, 8), (11, 5), (10, 9), (1, 6), (9, 11), (2, 5), (1, 3), (1, 9), (11, 11), (13, 11), (13, 5), (1, 12), (7, 7), (7, 13), (12, 9), (3, 3), (3, 9), (3, 12), (5, 9), (4, 11), (9, 7), (5, 12), (8, 11), (11, 7), (1, 2), (9, 13), (2, 1), (2, 7), (1, 5), (1, 11), (11, 13), (13, 7), (13, 10), (2, 13), (7, 9), (6, 7), (6, 13), (7, 12), (12, 5), (12, 11), (4, 7), (3, 5), (3, 11), (5, 11), (9, 9), (1, 1), (9, 12), (11, 9), (10, 7), (10, 13), (2, 3), (2, 9), (1, 7), (1, 13), (11, 12), (13, 9), (1, 10), (13, 6), (7, 11), (6, 9), (7, 8)}
12 5 64 (3, 3) {(12, 7), (3, 4), (3, 1), (3, 7), (4, 9), (5, 7), (5, 13), (3, 13), (9, 8), (11, 5), (10, 9), (1, 6), (9, 11), (2, 5), (1, 3), (1, 9), (11, 11), (13, 11), (13, 5), (1, 12), (7, 7), (7, 13), (12, 9), (3, 3), (3, 9), (3, 12), (5, 9), (4, 11), (9, 7), (5, 12), (8, 11), (11, 4), (11, 7), (1, 2), (9, 13), (2, 1), (2, 7), (1, 5), (1, 11), (11, 13), (13, 7), (13, 10), (2, 13), (7, 9), (6, 7), (6, 13), (7, 12), (12, 5), (12, 11), (4, 7), (3, 5), (3, 11), (5, 11), (9, 9), (1, 1), (9, 12), (11, 9), (10, 7), (10, 13), (2, 3), (2, 9), (1, 7), (1, 13), (11, 12), (13, 9), (1, 10), (13, 6), (7, 11), (6, 9), (7, 8)}
11 5 65 (3, 3) {(12, 7), (3, 4), (3, 1), (3, 7), (4, 9), (5, 7), (5, 13), (3, 13), (9, 8), (11, 5), (10, 9), (1, 6), (9, 11), (2, 5), (1, 3), (1, 9), (11, 11), (13, 11), (13, 5), (1, 12), (7, 7), (7, 13), (12, 9), (3, 3), (3, 9), (3, 12), (5, 9), (4, 11), (9, 7), (5, 12), (8, 11), (11, 4), (11, 7), (1, 2), (9, 13), (2, 1), (2, 7), (1, 5), (1, 11), (11, 13), (13, 7), (13, 10), (2, 13), (7, 9), (6, 7), (6, 13), (7, 12), (12, 5), (12, 11), (4, 7), (3, 5), (3, 11), (5, 11), (9, 9), (1, 1), (9, 12), (11, 9), (10, 7), (10, 13), (2, 3), (2, 9), (1, 7), (1, 13), (11, 12), (13, 9), (1, 10), (13, 6), (7, 11), (6, 9), (7, 8)}
11 3 65 (3, 3) {(12, 7), (3, 4), (3, 1), (3, 7), (4, 9), (5, 7), (5, 13), (3, 13), (9, 8), (11, 5), (10, 9), (1, 6), (9, 11), (2, 5), (1, 3), (1, 9), (11, 11), (13, 11), (13, 5), (1, 12), (7, 7), (7, 13), (12, 9), (3, 3), (3, 9), (3, 12), (5, 9), (4, 11), (9, 7), (5, 12), (8, 11), (11, 4), (11, 7), (1, 2), (9, 13), (2, 1), (2, 7), (1, 5), (1, 11), (11, 13), (13, 7), (13, 10), (2, 13), (7, 9), (6, 7), (6, 13), (7, 12), (12, 5), (12, 11), (4, 7), (3, 5), (3, 11), (5, 11), (9, 9), (1, 1), (9, 12), (11, 9), (10, 7), (10, 13), (2, 3), (2, 9), (1, 7), (1, 13), (11, 12), (13, 9), (1, 10), (13, 6), (7, 11), (6, 9), (7, 8)}
11 4 66 (3, 3) {(12, 7), (3, 4), (3, 1), (3, 7), (4, 9), (5, 7), (5, 13), (3, 13), (9, 8), (11, 5), (10, 9), (1, 6), (9, 11), (2, 5), (1, 3), (1, 9), (11, 11), (13, 11), (13, 5), (1, 12), (7, 7), (7, 13), (12, 9), (3, 3), (3, 9), (3, 12), (5, 9), (4, 11), (9, 7), (5, 12), (8, 11), (11, 4), (11, 7), (1, 2), (9, 13), (2, 1), (2, 7), (1, 5), (1, 11), (11, 13), (13, 7), (13, 10), (2, 13), (7, 9), (6, 7), (6, 13), (7, 12), (12, 5), (12, 11), (4, 7), (3, 5), (3, 11), (5, 11), (9, 9), (1, 1), (9, 12), (11, 9), (10, 7), (10, 13), (11, 3), (2, 3), (2, 9), (1, 7), (1, 13), (11, 12), (13, 9), (1, 10), (13, 6), (7, 11), (6, 9), (7, 8)}
12 3 66 (3, 3) {(12, 7), (3, 4), (3, 1), (3, 7), (4, 9), (5, 7), (5, 13), (3, 13), (9, 8), (11, 5), (10, 9), (1, 6), (9, 11), (2, 5), (1, 3), (1, 9), (11, 11), (13, 11), (13, 5), (1, 12), (7, 7), (7, 13), (12, 9), (3, 3), (3, 9), (3, 12), (5, 9), (4, 11), (9, 7), (5, 12), (8, 11), (11, 4), (11, 7), (1, 2), (9, 13), (2, 1), (2, 7), (1, 5), (1, 11), (11, 13), (13, 7), (13, 10), (2, 13), (7, 9), (6, 7), (6, 13), (7, 12), (12, 5), (12, 11), (4, 7), (3, 5), (3, 11), (5, 11), (9, 9), (1, 1), (9, 12), (11, 9), (10, 7), (10, 13), (11, 3), (2, 3), (2, 9), (1, 7), (1, 13), (11, 12), (13, 9), (1, 10), (13, 6), (7, 11), (6, 9), (7, 8)}
13 3 67 (3, 3) {(12, 7), (3, 4), (3, 1), (3, 7), (4, 9), (5, 7), (5, 13), (3, 13), (9, 8), (11, 5), (10, 9), (1, 6), (9, 11), (2, 5), (1, 3), (1, 9), (11, 11), (13, 11), (13, 5), (1, 12), (7, 7), (7, 13), (12, 3), (12, 9), (3, 3), (3, 9), (3, 12), (5, 9), (4, 11), (9, 7), (5, 12), (8, 11), (11, 4), (11, 7), (1, 2), (9, 13), (2, 1), (2, 7), (1, 5), (1, 11), (11, 13), (13, 7), (13, 10), (2, 13), (7, 9), (6, 7), (6, 13), (7, 12), (12, 5), (12, 11), (4, 7), (3, 5), (3, 11), (5, 11), (9, 9), (1, 1), (9, 12), (11, 9), (10, 7), (10, 13), (11, 3), (2, 3), (2, 9), (1, 7), (1, 13), (11, 12), (13, 9), (1, 10), (13, 6), (7, 11), (6, 9), (7, 8)}
11 3 67 (3, 3) {(12, 7), (3, 4), (3, 1), (3, 7), (4, 9), (5, 7), (5, 13), (3, 13), (9, 8), (11, 5), (10, 9), (1, 6), (9, 11), (2, 5), (1, 3), (1, 9), (11, 11), (13, 11), (13, 5), (1, 12), (7, 7), (7, 13), (12, 3), (12, 9), (3, 3), (3, 9), (3, 12), (5, 9), (4, 11), (9, 7), (5, 12), (8, 11), (11, 4), (11, 7), (1, 2), (9, 13), (2, 1), (2, 7), (1, 5), (1, 11), (11, 13), (13, 7), (13, 10), (2, 13), (7, 9), (6, 7), (6, 13), (7, 12), (12, 5), (12, 11), (4, 7), (3, 5), (3, 11), (5, 11), (9, 9), (1, 1), (9, 12), (11, 9), (10, 7), (10, 13), (11, 3), (2, 3), (2, 9), (1, 7), (1, 13), (11, 12), (13, 9), (1, 10), (13, 6), (13, 3), (7, 11), (6, 9), (7, 8)}
13 2 68 (3, 3) {(12, 7), (3, 4), (3, 1), (3, 7), (4, 9), (5, 7), (5, 13), (3, 13), (9, 8), (11, 5), (10, 9), (1, 6), (9, 11), (2, 5), (1, 3), (1, 9), (11, 11), (13, 11), (13, 5), (1, 12), (7, 7), (7, 13), (12, 3), (12, 9), (3, 3), (3, 9), (3, 12), (5, 9), (4, 11), (9, 7), (5, 12), (8, 11), (11, 4), (11, 7), (1, 2), (9, 13), (2, 1), (2, 7), (1, 5), (1, 11), (11, 13), (13, 7), (13, 10), (2, 13), (7, 9), (6, 7), (6, 13), (7, 12), (12, 5), (12, 11), (4, 7), (3, 5), (3, 11), (5, 11), (9, 9), (1, 1), (9, 12), (11, 9), (10, 7), (10, 13), (11, 3), (2, 3), (2, 9), (1, 7), (1, 13), (11, 12), (13, 9), (1, 10), (13, 6), (13, 3), (7, 11), (6, 9), (7, 8)}
12 3 68 (3, 3) {(12, 7), (3, 4), (3, 1), (3, 7), (4, 9), (5, 7), (5, 13), (3, 13), (13, 2), (9, 8), (11, 5), (10, 9), (1, 6), (9, 11), (2, 5), (1, 3), (1, 9), (11, 11), (13, 11), (13, 5), (1, 12), (7, 7), (7, 13), (12, 3), (12, 9), (3, 3), (3, 9), (3, 12), (5, 9), (4, 11), (9, 7), (5, 12), (8, 11), (11, 4), (11, 7), (1, 2), (9, 13), (2, 1), (2, 7), (1, 5), (1, 11), (11, 13), (13, 7), (13, 10), (2, 13), (7, 9), (6, 7), (6, 13), (7, 12), (12, 5), (12, 11), (4, 7), (3, 5), (3, 11), (5, 11), (9, 9), (1, 1), (9, 12), (11, 9), (10, 7), (10, 13), (11, 3), (2, 3), (2, 9), (1, 7), (1, 13), (11, 12), (13, 9), (1, 10), (13, 6), (13, 3), (7, 11), (6, 9), (7, 8)}
13 3 69 (3, 3) {(12, 7), (3, 4), (3, 1), (3, 7), (4, 9), (5, 7), (5, 13), (3, 13), (13, 2), (9, 8), (11, 5), (10, 9), (1, 6), (9, 11), (2, 5), (1, 3), (1, 9), (11, 11), (13, 11), (13, 5), (1, 12), (7, 7), (7, 13), (12, 3), (12, 9), (3, 3), (3, 9), (3, 12), (5, 9), (4, 11), (9, 7), (5, 12), (8, 11), (11, 4), (11, 7), (1, 2), (9, 13), (2, 1), (2, 7), (1, 5), (1, 11), (11, 13), (13, 7), (13, 10), (2, 13), (7, 9), (6, 7), (6, 13), (7, 12), (12, 5), (12, 11), (4, 7), (3, 5), (3, 11), (5, 11), (9, 9), (1, 1), (9, 12), (11, 9), (10, 7), (10, 13), (11, 3), (2, 3), (2, 9), (1, 7), (1, 13), (11, 12), (13, 9), (1, 10), (13, 6), (13, 3), (7, 11), (6, 9), (7, 8)}
13 1 69 (3, 3) {(12, 7), (3, 4), (3, 1), (3, 7), (4, 9), (5, 7), (5, 13), (3, 13), (13, 2), (9, 8), (11, 5), (10, 9), (1, 6), (9, 11), (2, 5), (1, 3), (1, 9), (11, 11), (13, 11), (13, 5), (1, 12), (7, 7), (7, 13), (12, 3), (12, 9), (3, 3), (3, 9), (3, 12), (5, 9), (4, 11), (9, 7), (5, 12), (8, 11), (11, 4), (11, 7), (1, 2), (9, 13), (2, 1), (2, 7), (1, 5), (1, 11), (11, 13), (13, 7), (13, 10), (2, 13), (7, 9), (6, 7), (6, 13), (7, 12), (12, 5), (12, 11), (4, 7), (3, 5), (3, 11), (5, 11), (9, 9), (1, 1), (9, 12), (11, 9), (10, 7), (10, 13), (11, 3), (2, 3), (2, 9), (1, 7), (1, 13), (11, 12), (13, 9), (1, 10), (13, 6), (13, 3), (7, 11), (6, 9), (7, 8)}
13 2 70 (3, 3) {(12, 7), (3, 4), (3, 1), (3, 7), (4, 9), (5, 7), (5, 13), (3, 13), (13, 2), (9, 8), (11, 5), (10, 9), (1, 6), (9, 11), (2, 5), (1, 3), (1, 9), (11, 11), (13, 11), (13, 5), (1, 12), (7, 7), (7, 13), (12, 3), (12, 9), (3, 3), (3, 9), (3, 12), (5, 9), (4, 11), (9, 7), (5, 12), (8, 11), (11, 4), (11, 7), (1, 2), (9, 13), (2, 1), (2, 7), (1, 5), (1, 11), (11, 13), (13, 7), (13, 10), (13, 1), (2, 13), (7, 9), (6, 7), (6, 13), (7, 12), (12, 5), (12, 11), (4, 7), (3, 5), (3, 11), (5, 11), (9, 9), (1, 1), (9, 12), (11, 9), (10, 7), (10, 13), (11, 3), (2, 3), (2, 9), (1, 7), (1, 13), (11, 12), (13, 9), (1, 10), (13, 6), (13, 3), (7, 11), (6, 9), (7, 8)}
12 1 70 (3, 3) {(12, 7), (3, 4), (3, 1), (3, 7), (4, 9), (5, 7), (5, 13), (3, 13), (13, 2), (9, 8), (11, 5), (10, 9), (1, 6), (9, 11), (2, 5), (1, 3), (1, 9), (11, 11), (13, 11), (13, 5), (1, 12), (7, 7), (7, 13), (12, 3), (12, 9), (3, 3), (3, 9), (3, 12), (5, 9), (4, 11), (9, 7), (5, 12), (8, 11), (11, 4), (11, 7), (1, 2), (9, 13), (2, 1), (2, 7), (1, 5), (1, 11), (11, 13), (13, 7), (13, 10), (13, 1), (2, 13), (7, 9), (6, 7), (6, 13), (7, 12), (12, 5), (12, 11), (4, 7), (3, 5), (3, 11), (5, 11), (9, 9), (1, 1), (9, 12), (11, 9), (10, 7), (10, 13), (11, 3), (2, 3), (2, 9), (1, 7), (1, 13), (11, 12), (13, 9), (1, 10), (13, 6), (13, 3), (7, 11), (6, 9), (7, 8)}
13 1 71 (3, 3) {(12, 1), (12, 7), (3, 4), (3, 1), (3, 7), (4, 9), (5, 7), (5, 13), (3, 13), (13, 2), (9, 8), (11, 5), (10, 9), (1, 6), (9, 11), (2, 5), (1, 3), (1, 9), (11, 11), (13, 11), (13, 5), (1, 12), (7, 7), (7, 13), (12, 3), (12, 9), (3, 3), (3, 9), (3, 12), (5, 9), (4, 11), (9, 7), (5, 12), (8, 11), (11, 4), (11, 7), (1, 2), (9, 13), (2, 1), (2, 7), (1, 5), (1, 11), (11, 13), (13, 7), (13, 10), (13, 1), (2, 13), (7, 9), (6, 7), (6, 13), (7, 12), (12, 5), (12, 11), (4, 7), (3, 5), (3, 11), (5, 11), (9, 9), (1, 1), (9, 12), (11, 9), (10, 7), (10, 13), (11, 3), (2, 3), (2, 9), (1, 7), (1, 13), (11, 12), (13, 9), (1, 10), (13, 6), (13, 3), (7, 11), (6, 9), (7, 8)}
11 1 71 (3, 3) {(12, 1), (12, 7), (3, 4), (3, 1), (3, 7), (4, 9), (5, 7), (5, 13), (3, 13), (13, 2), (9, 8), (11, 5), (10, 9), (1, 6), (9, 11), (2, 5), (1, 3), (1, 9), (11, 11), (13, 11), (13, 5), (1, 12), (7, 7), (7, 13), (12, 3), (12, 9), (3, 3), (3, 9), (3, 12), (5, 9), (4, 11), (9, 7), (5, 12), (8, 11), (11, 4), (11, 7), (1, 2), (9, 13), (2, 1), (2, 7), (1, 5), (1, 11), (11, 13), (13, 7), (13, 10), (13, 1), (2, 13), (7, 9), (6, 7), (6, 13), (7, 12), (12, 5), (12, 11), (4, 7), (3, 5), (3, 11), (5, 11), (9, 9), (1, 1), (9, 12), (11, 9), (10, 7), (10, 13), (11, 3), (2, 3), (2, 9), (1, 7), (1, 13), (11, 12), (13, 9), (1, 10), (13, 6), (13, 3), (7, 11), (6, 9), (7, 8)}
12 1 72 (3, 3) {(4, 9), (3, 13), (9, 8), (11, 5), (5, 12), (8, 11), (11, 7), (13, 1), (13, 10), (6, 13), (7, 12), (9, 12), (11, 9), (13, 3), (1, 10), (3, 1), (5, 7), (1, 3), (13, 5), (1, 12), (7, 7), (3, 3), (3, 12), (5, 9), (4, 11), (9, 7), (11, 4), (1, 5), (13, 7), (2, 13), (7, 9), (3, 5), (5, 11), (9, 9), (1, 7), (13, 9), (7, 11), (12, 1), (3, 7), (5, 13), (13, 2), (1, 9), (11, 11), (13, 11), (12, 3), (3, 9), (1, 2), (2, 1), (1, 11), (11, 13), (12, 5), (3, 11), (10, 7), (2, 3), (1, 13), (12, 7), (3, 4), (10, 9), (1, 6), (9, 11), (2, 5), (7, 13), (12, 9), (11, 1), (9, 13), (2, 7), (6, 7), (12, 11), (4, 7), (1, 1), (11, 3), (10, 13), (11, 12), (2, 9), (13, 6), (6, 9), (7, 8)}
10 1 72 (3, 3) {(4, 9), (3, 13), (9, 8), (11, 5), (5, 12), (8, 11), (11, 7), (13, 1), (13, 10), (6, 13), (7, 12), (9, 12), (11, 9), (13, 3), (1, 10), (3, 1), (5, 7), (1, 3), (13, 5), (1, 12), (7, 7), (3, 3), (3, 12), (5, 9), (4, 11), (9, 7), (11, 4), (1, 5), (13, 7), (2, 13), (7, 9), (3, 5), (5, 11), (9, 9), (1, 7), (13, 9), (7, 11), (12, 1), (3, 7), (5, 13), (13, 2), (1, 9), (11, 11), (13, 11), (12, 3), (3, 9), (1, 2), (2, 1), (1, 11), (11, 13), (12, 5), (3, 11), (10, 7), (2, 3), (1, 13), (12, 7), (3, 4), (10, 9), (1, 6), (9, 11), (2, 5), (7, 13), (12, 9), (11, 1), (9, 13), (2, 7), (6, 7), (12, 11), (4, 7), (1, 1), (11, 3), (10, 13), (11, 12), (2, 9), (13, 6), (6, 9), (7, 8)}
11 1 73 (3, 3) {(4, 9), (3, 13), (9, 8), (11, 5), (5, 12), (8, 11), (11, 7), (13, 1), (13, 10), (6, 13), (7, 12), (9, 12), (11, 9), (13, 3), (1, 10), (3, 1), (5, 7), (1, 3), (13, 5), (1, 12), (7, 7), (3, 3), (3, 12), (5, 9), (4, 11), (9, 7), (11, 4), (1, 5), (13, 7), (2, 13), (7, 9), (3, 5), (5, 11), (9, 9), (10, 1), (1, 7), (13, 9), (7, 11), (12, 1), (3, 7), (5, 13), (13, 2), (1, 9), (11, 11), (13, 11), (12, 3), (3, 9), (1, 2), (2, 1), (1, 11), (11, 13), (12, 5), (3, 11), (10, 7), (2, 3), (1, 13), (12, 7), (3, 4), (10, 9), (1, 6), (9, 11), (2, 5), (7, 13), (12, 9), (11, 1), (9, 13), (2, 7), (6, 7), (12, 11), (4, 7), (1, 1), (11, 3), (10, 13), (11, 12), (2, 9), (13, 6), (6, 9), (7, 8)}
9 1 73 (3, 3) {(4, 9), (3, 13), (9, 8), (11, 5), (5, 12), (8, 11), (11, 7), (13, 1), (13, 10), (6, 13), (7, 12), (9, 12), (11, 9), (13, 3), (1, 10), (3, 1), (5, 7), (1, 3), (13, 5), (1, 12), (7, 7), (3, 3), (3, 12), (5, 9), (4, 11), (9, 7), (11, 4), (1, 5), (13, 7), (2, 13), (7, 9), (3, 5), (5, 11), (9, 9), (10, 1), (1, 7), (13, 9), (7, 11), (12, 1), (3, 7), (5, 13), (13, 2), (1, 9), (11, 11), (13, 11), (12, 3), (3, 9), (1, 2), (2, 1), (1, 11), (11, 13), (12, 5), (3, 11), (10, 7), (2, 3), (1, 13), (12, 7), (3, 4), (10, 9), (1, 6), (9, 11), (2, 5), (7, 13), (12, 9), (11, 1), (9, 13), (2, 7), (6, 7), (12, 11), (4, 7), (1, 1), (11, 3), (10, 13), (11, 12), (2, 9), (13, 6), (6, 9), (7, 8)}
9 2 74 (3, 3) {(4, 9), (3, 13), (9, 8), (11, 5), (9, 1), (5, 12), (8, 11), (11, 7), (13, 1), (13, 10), (6, 13), (7, 12), (9, 12), (11, 9), (13, 3), (1, 10), (3, 1), (5, 7), (1, 3), (13, 5), (1, 12), (7, 7), (3, 3), (3, 12), (5, 9), (4, 11), (9, 7), (11, 4), (1, 5), (13, 7), (2, 13), (7, 9), (3, 5), (5, 11), (9, 9), (10, 1), (1, 7), (13, 9), (7, 11), (12, 1), (3, 7), (5, 13), (13, 2), (1, 9), (11, 11), (13, 11), (12, 3), (3, 9), (1, 2), (2, 1), (1, 11), (11, 13), (12, 5), (3, 11), (10, 7), (2, 3), (1, 13), (12, 7), (3, 4), (10, 9), (1, 6), (9, 11), (2, 5), (7, 13), (12, 9), (11, 1), (9, 13), (2, 7), (6, 7), (12, 11), (4, 7), (1, 1), (11, 3), (10, 13), (11, 12), (2, 9), (13, 6), (6, 9), (7, 8)}
10 1 74 (3, 3) {(4, 9), (3, 13), (9, 8), (11, 5), (9, 1), (5, 12), (8, 11), (11, 7), (13, 1), (13, 10), (6, 13), (7, 12), (9, 12), (11, 9), (13, 3), (1, 10), (3, 1), (5, 7), (1, 3), (13, 5), (1, 12), (7, 7), (3, 3), (3, 12), (5, 9), (4, 11), (9, 7), (11, 4), (1, 5), (13, 7), (2, 13), (7, 9), (3, 5), (5, 11), (9, 9), (10, 1), (1, 7), (13, 9), (7, 11), (12, 1), (3, 7), (9, 2), (5, 13), (13, 2), (1, 9), (11, 11), (13, 11), (12, 3), (3, 9), (1, 2), (2, 1), (1, 11), (11, 13), (12, 5), (3, 11), (10, 7), (2, 3), (1, 13), (12, 7), (3, 4), (10, 9), (1, 6), (9, 11), (2, 5), (7, 13), (12, 9), (11, 1), (9, 13), (2, 7), (6, 7), (12, 11), (4, 7), (1, 1), (11, 3), (10, 13), (11, 12), (2, 9), (13, 6), (6, 9), (7, 8)}
9 3 75 (3, 3) {(4, 9), (3, 13), (9, 8), (11, 5), (9, 1), (5, 12), (8, 11), (11, 7), (13, 1), (13, 10), (6, 13), (7, 12), (9, 12), (11, 9), (13, 3), (1, 10), (3, 1), (5, 7), (1, 3), (13, 5), (1, 12), (7, 7), (3, 3), (3, 12), (5, 9), (4, 11), (9, 7), (11, 4), (1, 5), (13, 7), (2, 13), (7, 9), (3, 5), (5, 11), (9, 9), (10, 1), (1, 7), (13, 9), (7, 11), (12, 1), (3, 7), (9, 2), (5, 13), (13, 2), (1, 9), (11, 11), (13, 11), (12, 3), (3, 9), (1, 2), (2, 1), (1, 11), (11, 13), (12, 5), (3, 11), (10, 7), (2, 3), (1, 13), (12, 7), (3, 4), (10, 9), (1, 6), (9, 11), (2, 5), (7, 13), (12, 9), (11, 1), (9, 13), (2, 7), (6, 7), (12, 11), (4, 7), (1, 1), (11, 3), (10, 13), (11, 12), (2, 9), (13, 6), (6, 9), (7, 8)}
9 1 75 (3, 3) {(4, 9), (3, 13), (9, 8), (11, 5), (9, 1), (5, 12), (8, 11), (11, 7), (13, 1), (13, 10), (6, 13), (7, 12), (9, 3), (9, 12), (11, 9), (13, 3), (1, 10), (3, 1), (5, 7), (1, 3), (13, 5), (1, 12), (7, 7), (3, 3), (3, 12), (5, 9), (4, 11), (9, 7), (11, 4), (1, 5), (13, 7), (2, 13), (7, 9), (3, 5), (5, 11), (9, 9), (10, 1), (1, 7), (13, 9), (7, 11), (12, 1), (3, 7), (9, 2), (5, 13), (13, 2), (1, 9), (11, 11), (13, 11), (12, 3), (3, 9), (1, 2), (2, 1), (1, 11), (11, 13), (12, 5), (3, 11), (10, 7), (2, 3), (1, 13), (12, 7), (3, 4), (10, 9), (1, 6), (9, 11), (2, 5), (7, 13), (12, 9), (11, 1), (9, 13), (2, 7), (6, 7), (12, 11), (4, 7), (1, 1), (11, 3), (10, 13), (11, 12), (2, 9), (13, 6), (6, 9), (7, 8)}
9 2 76 (3, 3) {(4, 9), (3, 13), (9, 8), (11, 5), (9, 1), (5, 12), (8, 11), (11, 7), (13, 1), (13, 10), (6, 13), (7, 12), (9, 3), (9, 12), (11, 9), (13, 3), (1, 10), (3, 1), (5, 7), (1, 3), (13, 5), (1, 12), (7, 7), (3, 3), (3, 12), (5, 9), (4, 11), (9, 7), (11, 4), (1, 5), (13, 7), (2, 13), (7, 9), (3, 5), (5, 11), (9, 9), (10, 1), (1, 7), (13, 9), (7, 11), (12, 1), (3, 7), (9, 2), (5, 13), (13, 2), (1, 9), (11, 11), (13, 11), (12, 3), (3, 9), (1, 2), (2, 1), (1, 11), (11, 13), (12, 5), (3, 11), (10, 7), (2, 3), (1, 13), (12, 7), (3, 4), (10, 9), (1, 6), (9, 11), (2, 5), (7, 13), (12, 9), (11, 1), (9, 13), (2, 7), (6, 7), (12, 11), (4, 7), (1, 1), (11, 3), (10, 13), (11, 12), (2, 9), (13, 6), (6, 9), (7, 8)}
8 3 76 (3, 3) {(4, 9), (3, 13), (9, 8), (11, 5), (9, 1), (5, 12), (8, 11), (11, 7), (13, 1), (13, 10), (6, 13), (7, 12), (9, 3), (9, 12), (11, 9), (13, 3), (1, 10), (3, 1), (5, 7), (1, 3), (13, 5), (1, 12), (7, 7), (3, 3), (3, 12), (5, 9), (4, 11), (9, 7), (11, 4), (1, 5), (13, 7), (2, 13), (7, 9), (3, 5), (5, 11), (9, 9), (10, 1), (1, 7), (13, 9), (7, 11), (12, 1), (3, 7), (9, 2), (5, 13), (13, 2), (1, 9), (11, 11), (13, 11), (12, 3), (3, 9), (1, 2), (2, 1), (1, 11), (11, 13), (12, 5), (3, 11), (10, 7), (2, 3), (1, 13), (12, 7), (3, 4), (10, 9), (1, 6), (9, 11), (2, 5), (7, 13), (12, 9), (11, 1), (9, 13), (2, 7), (6, 7), (12, 11), (4, 7), (1, 1), (11, 3), (10, 13), (11, 12), (2, 9), (13, 6), (6, 9), (7, 8)}
9 3 77 (3, 3) {(4, 9), (3, 13), (9, 8), (11, 5), (9, 1), (5, 12), (8, 11), (11, 7), (13, 1), (13, 10), (6, 13), (7, 12), (9, 3), (9, 12), (11, 9), (13, 3), (1, 10), (3, 1), (5, 7), (1, 3), (13, 5), (1, 12), (7, 7), (3, 3), (3, 12), (5, 9), (4, 11), (9, 7), (11, 4), (1, 5), (13, 7), (2, 13), (7, 9), (3, 5), (5, 11), (9, 9), (10, 1), (1, 7), (13, 9), (7, 11), (12, 1), (3, 7), (9, 2), (5, 13), (13, 2), (1, 9), (11, 11), (13, 11), (12, 3), (3, 9), (1, 2), (2, 1), (1, 11), (11, 13), (12, 5), (3, 11), (10, 7), (2, 3), (1, 13), (12, 7), (3, 4), (8, 3), (10, 9), (1, 6), (9, 11), (2, 5), (7, 13), (12, 9), (11, 1), (9, 13), (2, 7), (6, 7), (12, 11), (4, 7), (1, 1), (11, 3), (10, 13), (11, 12), (2, 9), (13, 6), (6, 9), (7, 8)}
7 3 77 (3, 3) {(4, 9), (3, 13), (9, 8), (11, 5), (9, 1), (5, 12), (8, 11), (11, 7), (13, 1), (13, 10), (6, 13), (7, 12), (9, 3), (9, 12), (11, 9), (13, 3), (1, 10), (3, 1), (5, 7), (1, 3), (13, 5), (1, 12), (7, 7), (3, 3), (3, 12), (5, 9), (4, 11), (9, 7), (11, 4), (1, 5), (13, 7), (2, 13), (7, 9), (3, 5), (5, 11), (9, 9), (10, 1), (1, 7), (13, 9), (7, 11), (12, 1), (3, 7), (9, 2), (5, 13), (13, 2), (1, 9), (11, 11), (13, 11), (12, 3), (3, 9), (1, 2), (2, 1), (1, 11), (11, 13), (12, 5), (3, 11), (10, 7), (2, 3), (1, 13), (12, 7), (3, 4), (8, 3), (10, 9), (1, 6), (9, 11), (2, 5), (7, 13), (12, 9), (11, 1), (9, 13), (2, 7), (6, 7), (12, 11), (4, 7), (1, 1), (11, 3), (10, 13), (11, 12), (2, 9), (13, 6), (6, 9), (7, 8)}
7 4 78 (3, 3) {(4, 9), (3, 13), (9, 8), (11, 5), (9, 1), (5, 12), (8, 11), (11, 7), (13, 1), (13, 10), (7, 3), (6, 13), (7, 12), (9, 3), (9, 12), (11, 9), (13, 3), (1, 10), (3, 1), (5, 7), (1, 3), (13, 5), (1, 12), (7, 7), (3, 3), (3, 12), (5, 9), (4, 11), (9, 7), (11, 4), (1, 5), (13, 7), (2, 13), (7, 9), (3, 5), (5, 11), (9, 9), (10, 1), (1, 7), (13, 9), (7, 11), (12, 1), (3, 7), (9, 2), (5, 13), (13, 2), (1, 9), (11, 11), (13, 11), (12, 3), (3, 9), (1, 2), (2, 1), (1, 11), (11, 13), (12, 5), (3, 11), (10, 7), (2, 3), (1, 13), (12, 7), (3, 4), (8, 3), (10, 9), (1, 6), (9, 11), (2, 5), (7, 13), (12, 9), (11, 1), (9, 13), (2, 7), (6, 7), (12, 11), (4, 7), (1, 1), (11, 3), (10, 13), (11, 12), (2, 9), (13, 6), (6, 9), (7, 8)}
8 3 78 (3, 3) {(4, 9), (3, 13), (9, 8), (11, 5), (9, 1), (5, 12), (8, 11), (11, 7), (13, 1), (13, 10), (7, 3), (6, 13), (7, 12), (9, 3), (9, 12), (11, 9), (13, 3), (1, 10), (3, 1), (5, 7), (1, 3), (13, 5), (1, 12), (7, 7), (3, 3), (3, 12), (5, 9), (4, 11), (9, 7), (11, 4), (1, 5), (13, 7), (2, 13), (7, 9), (3, 5), (5, 11), (9, 9), (10, 1), (1, 7), (13, 9), (7, 11), (12, 1), (3, 7), (9, 2), (5, 13), (13, 2), (1, 9), (11, 11), (13, 11), (7, 4), (12, 3), (3, 9), (1, 2), (2, 1), (1, 11), (11, 13), (12, 5), (3, 11), (10, 7), (2, 3), (1, 13), (12, 7), (3, 4), (8, 3), (10, 9), (1, 6), (9, 11), (2, 5), (7, 13), (12, 9), (11, 1), (9, 13), (2, 7), (6, 7), (12, 11), (4, 7), (1, 1), (11, 3), (10, 13), (11, 12), (2, 9), (13, 6), (6, 9), (7, 8)}
7 5 79 (3, 3) {(4, 9), (3, 13), (9, 8), (11, 5), (9, 1), (5, 12), (8, 11), (11, 7), (13, 1), (13, 10), (7, 3), (6, 13), (7, 12), (9, 3), (9, 12), (11, 9), (13, 3), (1, 10), (3, 1), (5, 7), (1, 3), (13, 5), (1, 12), (7, 7), (3, 3), (3, 12), (5, 9), (4, 11), (9, 7), (11, 4), (1, 5), (13, 7), (2, 13), (7, 9), (3, 5), (5, 11), (9, 9), (10, 1), (1, 7), (13, 9), (7, 11), (12, 1), (3, 7), (9, 2), (5, 13), (13, 2), (1, 9), (11, 11), (13, 11), (7, 4), (12, 3), (3, 9), (1, 2), (2, 1), (1, 11), (11, 13), (12, 5), (3, 11), (10, 7), (2, 3), (1, 13), (12, 7), (3, 4), (8, 3), (10, 9), (1, 6), (9, 11), (2, 5), (7, 13), (12, 9), (11, 1), (9, 13), (2, 7), (6, 7), (12, 11), (4, 7), (1, 1), (11, 3), (10, 13), (11, 12), (2, 9), (13, 6), (6, 9), (7, 8)}
79 (3, 3)
7 3 79 (3, 3) {(4, 9), (3, 13), (9, 8), (11, 5), (9, 1), (5, 12), (8, 11), (11, 7), (13, 1), (13, 10), (7, 3), (6, 13), (7, 12), (9, 3), (9, 12), (11, 9), (13, 3), (1, 10), (7, 5), (3, 1), (5, 7), (1, 3), (13, 5), (1, 12), (7, 7), (3, 3), (3, 12), (5, 9), (4, 11), (9, 7), (11, 4), (1, 5), (13, 7), (2, 13), (7, 9), (3, 5), (5, 11), (9, 9), (10, 1), (1, 7), (13, 9), (7, 11), (12, 1), (3, 7), (9, 2), (5, 13), (13, 2), (1, 9), (11, 11), (13, 11), (7, 4), (12, 3), (3, 9), (1, 2), (2, 1), (1, 11), (11, 13), (12, 5), (3, 11), (10, 7), (2, 3), (1, 13), (12, 7), (3, 4), (8, 3), (10, 9), (1, 6), (9, 11), (2, 5), (7, 13), (12, 9), (11, 1), (9, 13), (2, 7), (6, 7), (12, 11), (4, 7), (1, 1), (11, 3), (10, 13), (11, 12), (2, 9), (13, 6), (6, 9), (7, 8)}
7 4 80 (3, 3) {(4, 9), (3, 13), (9, 8), (11, 5), (9, 1), (5, 12), (8, 11), (11, 7), (13, 1), (13, 10), (7, 3), (6, 13), (7, 12), (9, 3), (9, 12), (11, 9), (13, 3), (1, 10), (7, 5), (3, 1), (5, 7), (1, 3), (13, 5), (1, 12), (7, 7), (3, 3), (3, 12), (5, 9), (4, 11), (9, 7), (11, 4), (1, 5), (13, 7), (2, 13), (7, 9), (3, 5), (5, 11), (9, 9), (10, 1), (1, 7), (13, 9), (7, 11), (12, 1), (3, 7), (9, 2), (5, 13), (13, 2), (1, 9), (11, 11), (13, 11), (7, 4), (12, 3), (3, 9), (1, 2), (2, 1), (1, 11), (11, 13), (12, 5), (3, 11), (10, 7), (2, 3), (1, 13), (12, 7), (3, 4), (8, 3), (10, 9), (1, 6), (9, 11), (2, 5), (7, 13), (12, 9), (11, 1), (9, 13), (2, 7), (6, 7), (12, 11), (4, 7), (1, 1), (11, 3), (10, 13), (11, 12), (2, 9), (13, 6), (6, 9), (7, 8)}
